0	0
1	1
2	2
3	3
4	4
5	5
6	6
7	7
8	8
9	9
10	10
11	11
12	12
13	13
14	14
15	15
16	16
17	17
18	18
19	19
20	20
21	21
22	22
23	23
24	24
25	25
26	26
27	27
28	28
29	29
30	30
31	31
32	32
33	33
34	34
35	35
36	36
37	37
38	38
39	39
40	40
41	41
42	42
43	43
44	44
45	45
46	46
47	47
48	48
49	49
50	50
51	51
52	52
53	53
54	54
55	55
56	56
57	57
58	58
59	59
60	60
61	61
62	62
63	63
64	64
65	65
66	66
67	67
68	68
69	69
70	70
71	71
72	72
73	73
74	74
75	75
76	76
77	77
78	78
79	79
80	80
81	81
82	82
83	83
84	84
85	85
86	86
87	87
88	88
89	89
90	90
91	91
92	92
93	93
94	94
95	95
96	96
97	97
98	98
99	99
100	100
101	101
102	102
103	103
104	104
105	105
106	106
107	107
108	108
109	109
110	110
111	111
112	112
113	113
114	114
115	115
116	116
117	117
118	118
119	119
120	120
121	121
122	122
123	123
124	124
125	125
126	126
127	127
128	128
129	129
130	130
131	131
132	132
133	133
134	134
135	135
136	136
137	137
138	138
139	139
140	140
141	141
142	142
143	143
144	144
145	145
146	146
147	147
148	148
149	149
150	150
151	151
152	152
153	153
154	154
155	155
156	156
157	157
158	158
159	159
160	160
161	161
162	162
163	163
164	164
165	165
166	166
167	167
168	168
169	169
170	170
171	171
172	172
173	173
174	174
175	175
176	176
177	177
178	178
179	179
180	180
181	181
182	182
183	183
184	184
185	185
186	186
187	187
188	188
189	189
190	190
191	191
192	192
193	193
194	194
195	195
196	196
197	197
198	198
199	199
200	200
201	201
202	202
203	203
204	204
205	205
206	206
207	207
208	208
209	209
210	210
211	211
212	212
213	213
214	214
215	215
216	216
217	217
218	218
219	219
220	220
221	221
222	222
223	223
224	224
225	225
226	226
227	227
228	228
229	229
230	230
231	231
232	232
233	233
234	234
235	235
236	236
237	237
238	238
239	239
240	240
241	241
242	242
243	243
244	244
245	245
246	246
247	247
248	248
249	249
250	250
251	251
252	252
253	253
254	254
255	255
256	256
257	257
258	258
259	259
260	260
261	261
262	262
263	263
264	264
265	265
266	266
267	267
268	268
269	269
270	270
271	271
272	272
273	273
274	274
275	275
276	276
277	277
278	278
279	279
280	280
281	281
282	282
283	283
284	284
285	285
286	286
287	287
288	288
289	289
290	290
291	291
292	292
293	293
294	294
295	295
296	296
297	297
298	298
299	299
300	300
301	301
302	302
303	303
304	304
305	305
306	306
307	307
308	308
309	309
310	310
311	311
312	312
313	313
314	314
315	315
316	316
317	317
318	318
319	319
320	320
321	321
322	322
323	323
324	324
325	325
326	326
327	327
328	328
329	329
330	330
331	331
332	332
333	333
334	334
335	335
336	336
337	337
338	338
339	339
340	340
341	341
342	342
343	343
344	344
345	345
346	346
347	347
348	348
349	349
350	350
351	351
352	352
353	353
354	354
355	355
356	356
357	357
358	358
359	359
360	360
361	361
362	362
363	363
364	364
365	365
366	366
367	367
368	368
369	369
370	370
371	371
372	372
373	373
374	374
375	375
376	376
377	377
378	378
379	379
380	380
381	381
382	382
383	383
384	384
385	385
386	386
387	387
388	388
389	389
390	390
391	391
392	392
393	393
394	394
395	395
396	396
397	397
398	398
399	399
400	400
401	401
402	402
403	403
404	404
405	405
406	406
407	407
408	408
409	409
410	410
411	411
412	412
413	413
414	414
415	415
416	416
417	417
418	418
419	419
420	420
421	421
422	422
423	423
424	424
425	425
426	426
427	427
428	428
429	429
430	430
431	431
432	432
433	433
434	434
435	435
436	436
437	437
438	438
439	439
440	440
441	441
442	442
443	443
444	444
445	445
446	446
447	447
448	448
449	449
450	450
451	451
452	452
453	453
454	454
455	455
456	456
457	457
458	458
459	459
460	460
461	461
462	462
463	463
464	464
465	465
466	466
467	467
468	468
469	469
470	470
471	471
472	472
473	473
474	474
475	475
476	476
477	477
478	478
479	479
480	480
481	481
482	482
483	483
484	484
485	485
486	486
487	487
488	488
489	489
490	490
491	491
492	492
493	493
494	494
495	495
496	496
497	497
498	498
499	499
500	500
501	501
502	502
503	503
504	504
505	505
506	506
507	507
508	508
509	509
510	510
511	511
512	512
513	513
514	514
515	515
516	516
517	517
518	518
519	519
520	520
521	521
522	522
523	523
524	524
525	525
526	526
527	527
528	528
529	529
530	530
531	531
532	532
533	533
534	534
535	535
536	536
537	537
538	538
539	539
540	540
541	541
542	542
543	543
544	544
545	545
546	546
547	547
548	548
549	549
550	550
551	551
552	552
553	553
554	554
555	555
556	556
557	557
558	558
559	559
560	560
561	561
562	562
563	563
564	564
565	565
566	566
567	567
568	568
569	569
570	570
571	571
572	572
573	573
574	574
575	575
576	576
577	577
578	578
579	579
580	580
581	581
582	582
583	583
584	584
585	585
586	586
587	587
588	588
589	589
590	590
591	591
592	592
593	593
594	594
595	595
596	596
597	597
598	598
599	599
600	600
601	601
602	602
603	603
604	604
605	605
606	606
607	607
608	608
609	609
610	610
611	611
612	612
613	613
614	614
615	615
616	616
617	617
618	618
619	619
620	620
621	621
622	622
623	623
624	624
625	625
626	626
627	627
628	628
629	629
630	630
631	631
632	632
633	633
634	634
635	635
636	636
637	637
638	638
639	639
640	640
641	641
642	642
643	643
644	644
645	645
646	646
647	647
648	648
649	649
650	650
651	651
652	652
653	653
654	654
655	655
656	656
657	657
658	658
659	659
660	660
661	661
662	662
663	663
664	664
665	665
666	666
667	667
668	668
669	669
670	670
671	671
672	672
673	673
674	674
675	675
676	676
677	677
678	678
679	679
680	680
681	681
682	682
683	683
684	684
685	685
686	686
687	687
688	688
689	689
690	690
691	691
692	692
693	693
694	694
695	695
696	696
697	697
698	698
699	699
700	700
701	701
702	702
703	703
704	704
705	705
706	706
707	707
708	708
709	709
710	710
711	711
712	712
713	713
714	714
715	715
716	716
717	717
718	718
719	719
720	720
721	721
722	722
723	723
724	724
725	725
726	726
727	727
728	728
729	729
730	730
731	731
732	732
733	733
734	734
735	735
736	736
737	737
738	738
739	739
740	740
741	741
742	742
743	743
744	744
745	745
746	746
747	747
748	748
749	749
750	750
751	751
752	752
753	753
754	754
755	755
756	756
757	757
758	758
759	759
760	760
761	761
762	762
763	763
764	764
765	765
766	766
767	767
768	768
769	769
770	770
771	771
772	772
773	773
774	774
775	775
776	776
777	777
778	778
779	779
780	780
781	781
782	782
783	783
784	784
785	785
786	786
787	787
788	788
789	789
790	790
791	791
792	792
793	793
794	794
795	795
796	796
797	797
798	798
799	799
800	800
801	801
802	802
803	803
804	804
805	805
806	806
807	807
808	808
809	809
810	810
811	811
812	812
813	813
814	814
815	815
816	816
817	817
818	818
819	819
820	820
821	821
822	822
823	823
824	824
825	825
826	826
827	827
828	828
829	829
830	830
831	831
832	832
833	833
834	834
835	835
836	836
837	837
838	838
839	839
840	840
841	841
842	842
843	843
844	844
845	845
846	846
847	847
848	848
849	849
850	850
851	851
852	852
853	853
854	854
855	855
856	856
857	857
858	858
859	859
860	860
861	861
862	862
863	863
864	864
865	865
866	866
867	867
868	868
869	869
870	870
871	871
872	872
873	873
874	874
875	875
876	876
877	877
878	878
879	879
880	880
881	881
882	882
883	883
884	884
885	885
886	886
887	887
888	888
889	889
890	890
891	891
892	892
893	893
894	894
895	895
896	896
897	897
898	898
899	899
900	900
901	901
902	902
903	903
904	904
905	905
906	906
907	907
908	908
909	909
910	910
911	911
912	912
913	913
914	914
915	915
916	916
917	917
918	918
919	919
920	920
921	921
922	922
923	923
924	924
925	925
926	926
927	927
928	928
929	929
930	930
931	931
932	932
933	933
934	934
935	935
936	936
937	937
938	938
939	939
940	940
941	941
942	942
943	943
944	944
945	945
946	946
947	947
948	948
949	949
950	950
951	951
952	952
953	953
954	954
955	955
956	956
957	957
958	958
959	959
960	960
961	961
962	962
963	963
964	964
965	965
966	966
967	967
968	968
969	969
970	970
971	971
972	972
973	973
974	974
975	975
976	976
977	977
978	978
979	979
980	980
981	981
982	982
983	983
984	984
985	985
986	986
987	987
988	988
989	989
990	990
991	991
992	992
993	993
994	994
995	995
996	996
997	997
998	998
999	999
1000	1000
1001	1001
1002	1002
1003	1003
1004	1004
1005	1005
1006	1006
1007	1007
1008	1008
1009	1009
1010	1010
1011	1011
1012	1012
1013	1013
1014	1014
1015	1015
1016	1016
1017	1017
1018	1018
1019	1019
1020	1020
1021	1021
1022	1022
1023	1023
1024	1024
1025	1025
1026	1026
1027	1027
1028	1028
1029	1029
1030	1030
1031	1031
1032	1032
1033	1033
1034	1034
1035	1035
1036	1036
1037	1037
1038	1038
1039	1039
1040	1040
1041	1041
1042	1042
1043	1043
1044	1044
1045	1045
1046	1046
1047	1047
1048	1048
1049	1049
1050	1050
1051	1051
1052	1052
1053	1053
1054	1054
1055	1055
1056	1056
1057	1057
1058	1058
1059	1059
1060	1060
1061	1061
1062	1062
1063	1063
1064	1064
1065	1065
1066	1066
1067	1067
1068	1068
1069	1069
1070	1070
1071	1071
1072	1072
1073	1073
1074	1074
1075	1075
1076	1076
1077	1077
1078	1078
1079	1079
1080	1080
1081	1081
1082	1082
1083	1083
1084	1084
1085	1085
1086	1086
1087	1087
1088	1088
1089	1089
1090	1090
1091	1091
1092	1092
1093	1093
1094	1094
1095	1095
1096	1096
1097	1097
1098	1098
1099	1099
1100	1100
1101	1101
1102	1102
1103	1103
1104	1104
1105	1105
1106	1106
1107	1107
1108	1108
1109	1109
1110	1110
1111	1111
1112	1112
1113	1113
1114	1114
1115	1115
1116	1116
1117	1117
1118	1118
1119	1119
1120	1120
1121	1121
1122	1122
1123	1123
1124	1124
1125	1125
1126	1126
1127	1127
1128	1128
1129	1129
1130	1130
1131	1131
1132	1132
1133	1133
1134	1134
1135	1135
1136	1136
1137	1137
1138	1138
1139	1139
1140	1140
1141	1141
1142	1142
1143	1143
1144	1144
1145	1145
1146	1146
1147	1147
1148	1148
1149	1149
1150	1150
1151	1151
1152	1152
1153	1153
1154	1154
1155	1155
1156	1156
1157	1157
1158	1158
1159	1159
1160	1160
1161	1161
1162	1162
1163	1163
1164	1164
1165	1165
1166	1166
1167	1167
1168	1168
1169	1169
1170	1170
1171	1171
1172	1172
1173	1173
1174	1174
1175	1175
1176	1176
1177	1177
1178	1178
1179	1179
1180	1180
1181	1181
1182	1182
1183	1183
1184	1184
1185	1185
1186	1186
1187	1187
1188	1188
1189	1189
1190	1190
1191	1191
1192	1192
1193	1193
1194	1194
1195	1195
1196	1196
1197	1197
1198	1198
1199	1199
1200	1200
1201	1201
1202	1202
1203	1203
1204	1204
1205	1205
1206	1206
1207	1207
1208	1208
1209	1209
1210	1210
1211	1211
1212	1212
1213	1213
1214	1214
1215	1215
1216	1216
1217	1217
1218	1218
1219	1219
1220	1220
1221	1221
1222	1222
1223	1223
1224	1224
1225	1225
1226	1226
1227	1227
1228	1228
1229	1229
1230	1230
1231	1231
1232	1232
1233	1233
1234	1234
1235	1235
1236	1236
1237	1237
1238	1238
1239	1239
1240	1240
1241	1241
1242	1242
1243	1243
1244	1244
1245	1245
1246	1246
1247	1247
1248	1248
1249	1249
1250	1250
1251	1251
1252	1252
1253	1253
1254	1254
1255	1255
1256	1256
1257	1257
1258	1258
1259	1259
1260	1260
1261	1261
1262	1262
1263	1263
1264	1264
1265	1265
1266	1266
1267	1267
1268	1268
1269	1269
1270	1270
1271	1271
1272	1272
1273	1273
1274	1274
1275	1275
1276	1276
1277	1277
1278	1278
1279	1279
1280	1280
1281	1281
1282	1282
1283	1283
1284	1284
1285	1285
1286	1286
1287	1287
1288	1288
1289	1289
1290	1290
1291	1291
1292	1292
1293	1293
1294	1294
1295	1295
1296	1296
1297	1297
1298	1298
1299	1299
1300	1300
1301	1301
1302	1302
1303	1303
1304	1304
1305	1305
1306	1306
1307	1307
1308	1308
1309	1309
1310	1310
1311	1311
1312	1312
1313	1313
1314	1314
1315	1315
1316	1316
1317	1317
1318	1318
1319	1319
1320	1320
1321	1321
1322	1322
1323	1323
1324	1324
1325	1325
1326	1326
1327	1327
1328	1328
1329	1329
1330	1330
1331	1331
1332	1332
1333	1333
1334	1334
1335	1335
1336	1336
1337	1337
1338	1338
1339	1339
1340	1340
1341	1341
1342	1342
1343	1343
1344	1344
1345	1345
1346	1346
1347	1347
1348	1348
1349	1349
1350	1350
1351	1351
1352	1352
1353	1353
1354	1354
1355	1355
1356	1356
1357	1357
1358	1358
1359	1359
1360	1360
1361	1361
1362	1362
1363	1363
1364	1364
1365	1365
1366	1366
1367	1367
1368	1368
1369	1369
1370	1370
1371	1371
1372	1372
1373	1373
1374	1374
1375	1375
1376	1376
1377	1377
1378	1378
1379	1379
1380	1380
1381	1381
1382	1382
1383	1383
1384	1384
1385	1385
1386	1386
1387	1387
1388	1388
1389	1389
1390	1390
1391	1391
1392	1392
1393	1393
1394	1394
1395	1395
1396	1396
1397	1397
1398	1398
1399	1399
1400	1400
1401	1401
1402	1402
1403	1403
1404	1404
1405	1405
1406	1406
1407	1407
1408	1408
1409	1409
1410	1410
1411	1411
1412	1412
1413	1413
1414	1414
1415	1415
1416	1416
1417	1417
1418	1418
1419	1419
1420	1420
1421	1421
1422	1422
1423	1423
1424	1424
1425	1425
1426	1426
1427	1427
1428	1428
1429	1429
1430	1430
1431	1431
1432	1432
1433	1433
1434	1434
1435	1435
1436	1436
1437	1437
1438	1438
1439	1439
1440	1440
1441	1441
1442	1442
1443	1443
1444	1444
1445	1445
1446	1446
1447	1447
1448	1448
1449	1449
1450	1450
1451	1451
1452	1452
1453	1453
1454	1454
1455	1455
1456	1456
1457	1457
1458	1458
1459	1459
1460	1460
1461	1461
1462	1462
1463	1463
1464	1464
1465	1465
1466	1466
1467	1467
1468	1468
1469	1469
1470	1470
1471	1471
1472	1472
1473	1473
1474	1474
1475	1475
1476	1476
1477	1477
1478	1478
1479	1479
1480	1480
1481	1481
1482	1482
1483	1483
1484	1484
1485	1485
1486	1486
1487	1487
1488	1488
1489	1489
1490	1490
1491	1491
1492	1492
1493	1493
1494	1494
1495	1495
1496	1496
1497	1497
1498	1498
1499	1499
1500	1500
1501	1501
1502	1502
1503	1503
1504	1504
1505	1505
1506	1506
1507	1507
1508	1508
1509	1509
1510	1510
1511	1511
1512	1512
1513	1513
1514	1514
1515	1515
1516	1516
1517	1517
1518	1518
1519	1519
1520	1520
1521	1521
1522	1522
1523	1523
1524	1524
1525	1525
1526	1526
1527	1527
1528	1528
1529	1529
1530	1530
1531	1531
1532	1532
1533	1533
1534	1534
1535	1535
1536	1536
1537	1537
1538	1538
1539	1539
1540	1540
1541	1541
1542	1542
1543	1543
1544	1544
1545	1545
1546	1546
1547	1547
1548	1548
1549	1549
1550	1550
1551	1551
1552	1552
1553	1553
1554	1554
1555	1555
1556	1556
1557	1557
1558	1558
1559	1559
1560	1560
1561	1561
1562	1562
1563	1563
1564	1564
1565	1565
1566	1566
1567	1567
1568	1568
1569	1569
1570	1570
1571	1571
1572	1572
1573	1573
1574	1574
1575	1575
1576	1576
1577	1577
1578	1578
1579	1579
1580	1580
1581	1581
1582	1582
1583	1583
1584	1584
1585	1585
1586	1586
1587	1587
1588	1588
1589	1589
1590	1590
1591	1591
1592	1592
1593	1593
1594	1594
1595	1595
1596	1596
1597	1597
1598	1598
1599	1599
1600	1600
1601	1601
1602	1602
1603	1603
1604	1604
1605	1605
1606	1606
1607	1607
1608	1608
1609	1609
1610	1610
1611	1611
1612	1612
1613	1613
1614	1614
1615	1615
1616	1616
1617	1617
1618	1618
1619	1619
1620	1620
1621	1621
1622	1622
1623	1623
1624	1624
1625	1625
1626	1626
1627	1627
1628	1628
1629	1629
1630	1630
1631	1631
1632	1632
1633	1633
1634	1634
1635	1635
1636	1636
1637	1637
1638	1638
1639	1639
1640	1640
1641	1641
1642	1642
1643	1643
1644	1644
1645	1645
1646	1646
1647	1647
1648	1648
1649	1649
1650	1650
1651	1651
1652	1652
1653	1653
1654	1654
1655	1655
1656	1656
1657	1657
1658	1658
1659	1659
1660	1660
1661	1661
1662	1662
1663	1663
1664	1664
1665	1665
1666	1666
1667	1667
1668	1668
1669	1669
1670	1670
1671	1671
1672	1672
1673	1673
1674	1674
1675	1675
1676	1676
1677	1677
1678	1678
1679	1679
1680	1680
1681	1681
1682	1682
1683	1683
1684	1684
1685	1685
1686	1686
1687	1687
1688	1688
1689	1689
1690	1690
1691	1691
1692	1692
1693	1693
1694	1694
1695	1695
1696	1696
1697	1697
1698	1698
1699	1699
1700	1700
1701	1701
1702	1702
1703	1703
1704	1704
1705	1705
1706	1706
1707	1707
1708	1708
1709	1709
1710	1710
1711	1711
1712	1712
1713	1713
1714	1714
1715	1715
1716	1716
1717	1717
1718	1718
1719	1719
1720	1720
1721	1721
1722	1722
1723	1723
1724	1724
1725	1725
1726	1726
1727	1727
1728	1728
1729	1729
1730	1730
1731	1731
1732	1732
1733	1733
1734	1734
1735	1735
1736	1736
1737	1737
1738	1738
1739	1739
1740	1740
1741	1741
1742	1742
1743	1743
1744	1744
1745	1745
1746	1746
1747	1747
1748	1748
1749	1749
1750	1750
1751	1751
1752	1752
1753	1753
1754	1754
1755	1755
1756	1756
1757	1757
1758	1758
1759	1759
1760	1760
1761	1761
1762	1762
1763	1763
1764	1764
1765	1765
1766	1766
1767	1767
1768	1768
1769	1769
1770	1770
1771	1771
1772	1772
1773	1773
1774	1774
1775	1775
1776	1776
1777	1777
1778	1778
1779	1779
1780	1780
1781	1781
1782	1782
1783	1783
1784	1784
1785	1785
1786	1786
1787	1787
1788	1788
1789	1789
1790	1790
1791	1791
1792	1792
1793	1793
1794	1794
1795	1795
1796	1796
1797	1797
1798	1798
1799	1799
1800	1800
1801	1801
1802	1802
1803	1803
1804	1804
1805	1805
1806	1806
1807	1807
1808	1808
1809	1809
1810	1810
1811	1811
1812	1812
1813	1813
1814	1814
1815	1815
1816	1816
1817	1817
1818	1818
1819	1819
1820	1820
1821	1821
1822	1822
1823	1823
1824	1824
1825	1825
1826	1826
1827	1827
1828	1828
1829	1829
1830	1830
1831	1831
1832	1832
1833	1833
1834	1834
1835	1835
1836	1836
1837	1837
1838	1838
1839	1839
1840	1840
1841	1841
1842	1842
1843	1843
1844	1844
1845	1845
1846	1846
1847	1847
1848	1848
1849	1849
1850	1850
1851	1851
1852	1852
1853	1853
1854	1854
1855	1855
1856	1856
1857	1857
1858	1858
1859	1859
1860	1860
1861	1861
1862	1862
1863	1863
1864	1864
1865	1865
1866	1866
1867	1867
1868	1868
1869	1869
1870	1870
1871	1871
1872	1872
1873	1873
1874	1874
1875	1875
1876	1876
1877	1877
1878	1878
1879	1879
1880	1880
1881	1881
1882	1882
1883	1883
1884	1884
1885	1885
1886	1886
1887	1887
1888	1888
1889	1889
1890	1890
1891	1891
1892	1892
1893	1893
1894	1894
1895	1895
1896	1896
1897	1897
1898	1898
1899	1899
1900	1900
1901	1901
1902	1902
1903	1903
1904	1904
1905	1905
1906	1906
1907	1907
1908	1908
1909	1909
1910	1910
1911	1911
1912	1912
1913	1913
1914	1914
1915	1915
1916	1916
1917	1917
1918	1918
1919	1919
1920	1920
1921	1921
1922	1922
1923	1923
1924	1924
1925	1925
1926	1926
1927	1927
1928	1928
1929	1929
1930	1930
1931	1931
1932	1932
1933	1933
1934	1934
1935	1935
1936	1936
1937	1937
1938	1938
1939	1939
1940	1940
1941	1941
1942	1942
1943	1943
1944	1944
1945	1945
1946	1946
1947	1947
1948	1948
1949	1949
1950	1950
1951	1951
1952	1952
1953	1953
1954	1954
1955	1955
1956	1956
1957	1957
1958	1958
1959	1959
1960	1960
1961	1961
1962	1962
1963	1963
1964	1964
1965	1965
1966	1966
1967	1967
1968	1968
1969	1969
1970	1970
1971	1971
1972	1972
1973	1973
1974	1974
1975	1975
1976	1976
1977	1977
1978	1978
1979	1979
1980	1980
1981	1981
1982	1982
1983	1983
1984	1984
1985	1985
1986	1986
1987	1987
1988	1988
1989	1989
1990	1990
1991	1991
1992	1992
1993	1993
1994	1994
1995	1995
1996	1996
1997	1997
1998	1998
1999	1999
2000	2000
2001	2001
2002	2002
2003	2003
2004	2004
2005	2005
2006	2006
2007	2007
2008	2008
2009	2009
2010	2010
2011	2011
2012	2012
2013	2013
2014	2014
2015	2015
2016	2016
2017	2017
2018	2018
2019	2019
2020	2020
2021	2021
2022	2022
2023	2023
2024	2024
2025	2025
2026	2026
2027	2027
2028	2028
2029	2029
2030	2030
2031	2031
2032	2032
2033	2033
2034	2034
2035	2035
2036	2036
2037	2037
2038	2038
2039	2039
2040	2040
2041	2041
2042	2042
2043	2043
2044	2044
2045	2045
2046	2046
2047	2047
2048	2048
2049	2049
2050	2050
2051	2051
2052	2052
2053	2053
2054	2054
2055	2055
2056	2056
2057	2057
2058	2058
2059	2059
2060	2060
2061	2061
2062	2062
2063	2063
2064	2064
2065	2065
2066	2066
2067	2067
2068	2068
2069	2069
2070	2070
2071	2071
2072	2072
2073	2073
2074	2074
2075	2075
2076	2076
2077	2077
2078	2078
2079	2079
2080	2080
2081	2081
2082	2082
2083	2083
2084	2084
2085	2085
2086	2086
2087	2087
2088	2088
2089	2089
2090	2090
2091	2091
2092	2092
2093	2093
2094	2094
2095	2095
2096	2096
2097	2097
2098	2098
2099	2099
2100	2100
2101	2101
2102	2102
2103	2103
2104	2104
2105	2105
2106	2106
2107	2107
2108	2108
2109	2109
2110	2110
2111	2111
2112	2112
2113	2113
2114	2114
2115	2115
2116	2116
2117	2117
2118	2118
2119	2119
2120	2120
2121	2121
2122	2122
2123	2123
2124	2124
2125	2125
2126	2126
2127	2127
2128	2128
2129	2129
2130	2130
2131	2131
2132	2132
2133	2133
2134	2134
2135	2135
2136	2136
2137	2137
2138	2138
2139	2139
2140	2140
2141	2141
2142	2142
2143	2143
2144	2144
2145	2145
2146	2146
2147	2147
2148	2148
2149	2149
2150	2150
2151	2151
2152	2152
2153	2153
2154	2154
2155	2155
2156	2156
2157	2157
2158	2158
2159	2159
2160	2160
2161	2161
2162	2162
2163	2163
2164	2164
2165	2165
2166	2166
2167	2167
2168	2168
2169	2169
2170	2170
2171	2171
2172	2172
2173	2173
2174	2174
2175	2175
2176	2176
2177	2177
2178	2178
2179	2179
2180	2180
2181	2181
2182	2182
2183	2183
2184	2184
2185	2185
2186	2186
2187	2187
2188	2188
2189	2189
2190	2190
2191	2191
2192	2192
2193	2193
2194	2194
2195	2195
2196	2196
2197	2197
2198	2198
2199	2199
2200	2200
2201	2201
2202	2202
2203	2203
2204	2204
2205	2205
2206	2206
2207	2207
2208	2208
2209	2209
2210	2210
2211	2211
2212	2212
2213	2213
2214	2214
2215	2215
2216	2216
2217	2217
2218	2218
2219	2219
2220	2220
2221	2221
2222	2222
2223	2223
2224	2224
2225	2225
2226	2226
2227	2227
2228	2228
2229	2229
2230	2230
2231	2231
2232	2232
2233	2233
2234	2234
2235	2235
2236	2236
2237	2237
2238	2238
2239	2239
2240	2240
2241	2241
2242	2242
2243	2243
2244	2244
2245	2245
2246	2246
2247	2247
2248	2248
2249	2249
2250	2250
2251	2251
2252	2252
2253	2253
2254	2254
2255	2255
2256	2256
2257	2257
2258	2258
2259	2259
2260	2260
2261	2261
2262	2262
2263	2263
2264	2264
2265	2265
2266	2266
2267	2267
2268	2268
2269	2269
2270	2270
2271	2271
2272	2272
2273	2273
2274	2274
2275	2275
2276	2276
2277	2277
2278	2278
2279	2279
2280	2280
2281	2281
2282	2282
2283	2283
2284	2284
2285	2285
2286	2286
2287	2287
2288	2288
2289	2289
2290	2290
2291	2291
2292	2292
2293	2293
2294	2294
2295	2295
2296	2296
2297	2297
2298	2298
2299	2299
2300	2300
2301	2301
2302	2302
2303	2303
2304	2304
2305	2305
2306	2306
2307	2307
2308	2308
2309	2309
2310	2310
2311	2311
2312	2312
2313	2313
2314	2314
2315	2315
2316	2316
2317	2317
2318	2318
2319	2319
2320	2320
2321	2321
2322	2322
2323	2323
2324	2324
2325	2325
2326	2326
2327	2327
2328	2328
2329	2329
2330	2330
2331	2331
2332	2332
2333	2333
2334	2334
2335	2335
2336	2336
2337	2337
2338	2338
2339	2339
2340	2340
2341	2341
2342	2342
2343	2343
2344	2344
2345	2345
2346	2346
2347	2347
2348	2348
2349	2349
2350	2350
2351	2351
2352	2352
2353	2353
2354	2354
2355	2355
2356	2356
2357	2357
2358	2358
2359	2359
2360	2360
2361	2361
2362	2362
2363	2363
2364	2364
2365	2365
2366	2366
2367	2367
2368	2368
2369	2369
2370	2370
2371	2371
2372	2372
2373	2373
2374	2374
2375	2375
2376	2376
2377	2377
2378	2378
2379	2379
2380	2380
2381	2381
2382	2382
2383	2383
2384	2384
2385	2385
2386	2386
2387	2387
2388	2388
2389	2389
2390	2390
2391	2391
2392	2392
2393	2393
2394	2394
2395	2395
2396	2396
2397	2397
2398	2398
2399	2399
2400	2400
2401	2401
2402	2402
2403	2403
2404	2404
2405	2405
2406	2406
2407	2407
2408	2408
2409	2409
2410	2410
2411	2411
2412	2412
2413	2413
2414	2414
2415	2415
2416	2416
2417	2417
2418	2418
2419	2419
2420	2420
2421	2421
2422	2422
2423	2423
2424	2424
2425	2425
2426	2426
2427	2427
2428	2428
2429	2429
2430	2430
2431	2431
2432	2432
2433	2433
2434	2434
2435	2435
2436	2436
2437	2437
2438	2438
2439	2439
2440	2440
2441	2441
2442	2442
2443	2443
2444	2444
2445	2445
2446	2446
2447	2447
2448	2448
2449	2449
2450	2450
2451	2451
2452	2452
2453	2453
2454	2454
2455	2455
2456	2456
2457	2457
2458	2458
2459	2459
2460	2460
2461	2461
2462	2462
2463	2463
2464	2464
2465	2465
2466	2466
2467	2467
2468	2468
2469	2469
2470	2470
2471	2471
2472	2472
2473	2473
2474	2474
2475	2475
2476	2476
2477	2477
2478	2478
2479	2479
2480	2480
2481	2481
2482	2482
2483	2483
2484	2484
2485	2485
2486	2486
2487	2487
2488	2488
2489	2489
2490	2490
2491	2491
2492	2492
2493	2493
2494	2494
2495	2495
2496	2496
2497	2497
2498	2498
2499	2499
2500	2500
2501	2501
2502	2502
2503	2503
2504	2504
2505	2505
2506	2506
2507	2507
2508	2508
2509	2509
2510	2510
2511	2511
2512	2512
2513	2513
2514	2514
2515	2515
2516	2516
2517	2517
2518	2518
2519	2519
2520	2520
2521	2521
2522	2522
2523	2523
2524	2524
2525	2525
2526	2526
2527	2527
2528	2528
2529	2529
2530	2530
2531	2531
2532	2532
2533	2533
2534	2534
2535	2535
2536	2536
2537	2537
2538	2538
2539	2539
2540	2540
2541	2541
2542	2542
2543	2543
2544	2544
2545	2545
2546	2546
2547	2547
2548	2548
2549	2549
2550	2550
2551	2551
2552	2552
2553	2553
2554	2554
2555	2555
2556	2556
2557	2557
2558	2558
2559	2559
2560	2560
2561	2561
2562	2562
2563	2563
2564	2564
2565	2565
2566	2566
2567	2567
2568	2568
2569	2569
2570	2570
2571	2571
2572	2572
2573	2573
2574	2574
2575	2575
2576	2576
2577	2577
2578	2578
2579	2579
2580	2580
2581	2581
2582	2582
2583	2583
2584	2584
2585	2585
2586	2586
2587	2587
2588	2588
2589	2589
2590	2590
2591	2591
2592	2592
2593	2593
2594	2594
2595	2595
2596	2596
2597	2597
2598	2598
2599	2599
2600	2600
2601	2601
2602	2602
2603	2603
2604	2604
2605	2605
2606	2606
2607	2607
2608	2608
2609	2609
2610	2610
2611	2611
2612	2612
2613	2613
2614	2614
2615	2615
2616	2616
2617	2617
2618	2618
2619	2619
2620	2620
2621	2621
2622	2622
2623	2623
2624	2624
2625	2625
2626	2626
2627	2627
2628	2628
2629	2629
2630	2630
2631	2631
2632	2632
2633	2633
2634	2634
2635	2635
2636	2636
2637	2637
2638	2638
2639	2639
2640	2640
2641	2641
2642	2642
2643	2643
2644	2644
2645	2645
2646	2646
2647	2647
2648	2648
2649	2649
2650	2650
2651	2651
2652	2652
2653	2653
2654	2654
2655	2655
2656	2656
2657	2657
2658	2658
2659	2659
2660	2660
2661	2661
2662	2662
2663	2663
2664	2664
2665	2665
2666	2666
2667	2667
2668	2668
2669	2669
2670	2670
2671	2671
2672	2672
2673	2673
2674	2674
2675	2675
2676	2676
2677	2677
2678	2678
2679	2679
2680	2680
2681	2681
2682	2682
2683	2683
2684	2684
2685	2685
2686	2686
2687	2687
2688	2688
2689	2689
2690	2690
2691	2691
2692	2692
2693	2693
2694	2694
2695	2695
2696	2696
2697	2697
2698	2698
2699	2699
2700	2700
2701	2701
2702	2702
2703	2703
2704	2704
2705	2705
2706	2706
2707	2707
2708	2708
2709	2709
2710	2710
2711	2711
2712	2712
2713	2713
2714	2714
2715	2715
2716	2716
2717	2717
2718	2718
2719	2719
2720	2720
2721	2721
2722	2722
2723	2723
2724	2724
2725	2725
2726	2726
2727	2727
2728	2728
2729	2729
2730	2730
2731	2731
2732	2732
2733	2733
2734	2734
2735	2735
2736	2736
2737	2737
2738	2738
2739	2739
2740	2740
2741	2741
2742	2742
2743	2743
2744	2744
2745	2745
2746	2746
2747	2747
2748	2748
2749	2749
2750	2750
2751	2751
2752	2752
2753	2753
2754	2754
2755	2755
2756	2756
2757	2757
2758	2758
2759	2759
2760	2760
2761	2761
2762	2762
2763	2763
2764	2764
2765	2765
2766	2766
2767	2767
2768	2768
2769	2769
2770	2770
2771	2771
2772	2772
2773	2773
2774	2774
2775	2775
2776	2776
2777	2777
2778	2778
2779	2779
2780	2780
2781	2781
2782	2782
2783	2783
2784	2784
2785	2785
2786	2786
2787	2787
2788	2788
2789	2789
2790	2790
2791	2791
2792	2792
2793	2793
2794	2794
2795	2795
2796	2796
2797	2797
2798	2798
2799	2799
2800	2800
2801	2801
2802	2802
2803	2803
2804	2804
2805	2805
2806	2806
2807	2807
2808	2808
2809	2809
2810	2810
2811	2811
2812	2812
2813	2813
2814	2814
2815	2815
2816	2816
2817	2817
2818	2818
2819	2819
2820	2820
2821	2821
2822	2822
2823	2823
2824	2824
2825	2825
2826	2826
2827	2827
2828	2828
2829	2829
2830	2830
2831	2831
2832	2832
2833	2833
2834	2834
2835	2835
2836	2836
2837	2837
2838	2838
2839	2839
2840	2840
2841	2841
2842	2842
2843	2843
2844	2844
2845	2845
2846	2846
2847	2847
2848	2848
2849	2849
2850	2850
2851	2851
2852	2852
2853	2853
2854	2854
2855	2855
2856	2856
2857	2857
2858	2858
2859	2859
2860	2860
2861	2861
2862	2862
2863	2863
2864	2864
2865	2865
2866	2866
2867	2867
2868	2868
2869	2869
2870	2870
2871	2871
2872	2872
2873	2873
2874	2874
2875	2875
2876	2876
2877	2877
2878	2878
2879	2879
2880	2880
2881	2881
2882	2882
2883	2883
2884	2884
2885	2885
2886	2886
2887	2887
2888	2888
2889	2889
2890	2890
2891	2891
2892	2892
2893	2893
2894	2894
2895	2895
2896	2896
2897	2897
2898	2898
2899	2899
2900	2900
2901	2901
2902	2902
2903	2903
2904	2904
2905	2905
2906	2906
2907	2907
2908	2908
2909	2909
2910	2910
2911	2911
2912	2912
2913	2913
2914	2914
2915	2915
2916	2916
2917	2917
2918	2918
2919	2919
2920	2920
2921	2921
2922	2922
2923	2923
2924	2924
2925	2925
2926	2926
2927	2927
2928	2928
2929	2929
2930	2930
2931	2931
2932	2932
2933	2933
2934	2934
2935	2935
2936	2936
2937	2937
2938	2938
2939	2939
2940	2940
2941	2941
2942	2942
2943	2943
2944	2944
2945	2945
2946	2946
2947	2947
2948	2948
2949	2949
2950	2950
2951	2951
2952	2952
2953	2953
2954	2954
2955	2955
2956	2956
2957	2957
2958	2958
2959	2959
2960	2960
2961	2961
2962	2962
2963	2963
2964	2964
2965	2965
2966	2966
2967	2967
2968	2968
2969	2969
2970	2970
2971	2971
2972	2972
2973	2973
2974	2974
2975	2975
2976	2976
2977	2977
2978	2978
2979	2979
2980	2980
2981	2981
2982	2982
2983	2983
2984	2984
2985	2985
2986	2986
2987	2987
2988	2988
2989	2989
2990	2990
2991	2991
2992	2992
2993	2993
2994	2994
2995	2995
2996	2996
2997	2997
2998	2998
2999	2999
3000	3000
3001	3001
3002	3002
3003	3003
3004	3004
3005	3005
3006	3006
3007	3007
3008	3008
3009	3009
3010	3010
3011	3011
3012	3012
3013	3013
3014	3014
3015	3015
3016	3016
3017	3017
3018	3018
3019	3019
3020	3020
3021	3021
3022	3022
3023	3023
3024	3024
3025	3025
3026	3026
3027	3027
3028	3028
3029	3029
3030	3030
3031	3031
3032	3032
3033	3033
3034	3034
3035	3035
3036	3036
3037	3037
3038	3038
3039	3039
3040	3040
3041	3041
3042	3042
3043	3043
3044	3044
3045	3045
3046	3046
3047	3047
3048	3048
3049	3049
3050	3050
3051	3051
3052	3052
3053	3053
3054	3054
3055	3055
3056	3056
3057	3057
3058	3058
3059	3059
3060	3060
3061	3061
3062	3062
3063	3063
3064	3064
3065	3065
3066	3066
3067	3067
3068	3068
3069	3069
3070	3070
3071	3071
3072	3072
3073	3073
3074	3074
3075	3075
3076	3076
3077	3077
3078	3078
3079	3079
3080	3080
3081	3081
3082	3082
3083	3083
3084	3084
3085	3085
3086	3086
3087	3087
3088	3088
3089	3089
3090	3090
3091	3091
3092	3092
3093	3093
3094	3094
3095	3095
3096	3096
3097	3097
3098	3098
3099	3099
3100	3100
3101	3101
3102	3102
3103	3103
3104	3104
3105	3105
3106	3106
3107	3107
3108	3108
3109	3109
3110	3110
3111	3111
3112	3112
3113	3113
3114	3114
3115	3115
3116	3116
3117	3117
3118	3118
3119	3119
3120	3120
3121	3121
3122	3122
3123	3123
3124	3124
3125	3125
3126	3126
3127	3127
3128	3128
3129	3129
3130	3130
3131	3131
3132	3132
3133	3133
3134	3134
3135	3135
3136	3136
3137	3137
3138	3138
3139	3139
3140	3140
3141	3141
3142	3142
3143	3143
3144	3144
3145	3145
3146	3146
3147	3147
3148	3148
3149	3149
3150	3150
3151	3151
3152	3152
3153	3153
3154	3154
3155	3155
3156	3156
3157	3157
3158	3158
3159	3159
3160	3160
3161	3161
3162	3162
3163	3163
3164	3164
3165	3165
3166	3166
3167	3167
3168	3168
3169	3169
3170	3170
3171	3171
3172	3172
3173	3173
3174	3174
3175	3175
3176	3176
3177	3177
3178	3178
3179	3179
3180	3180
3181	3181
3182	3182
3183	3183
3184	3184
3185	3185
3186	3186
3187	3187
3188	3188
3189	3189
3190	3190
3191	3191
3192	3192
3193	3193
3194	3194
3195	3195
3196	3196
3197	3197
3198	3198
3199	3199
3200	3200
3201	3201
3202	3202
3203	3203
3204	3204
3205	3205
3206	3206
3207	3207
3208	3208
3209	3209
3210	3210
3211	3211
3212	3212
3213	3213
3214	3214
3215	3215
3216	3216
3217	3217
3218	3218
3219	3219
3220	3220
3221	3221
3222	3222
3223	3223
3224	3224
3225	3225
3226	3226
3227	3227
3228	3228
3229	3229
3230	3230
3231	3231
3232	3232
3233	3233
3234	3234
3235	3235
3236	3236
3237	3237
3238	3238
3239	3239
3240	3240
3241	3241
3242	3242
3243	3243
3244	3244
3245	3245
3246	3246
3247	3247
3248	3248
3249	3249
3250	3250
3251	3251
3252	3252
3253	3253
3254	3254
3255	3255
3256	3256
3257	3257
3258	3258
3259	3259
3260	3260
3261	3261
3262	3262
3263	3263
3264	3264
3265	3265
3266	3266
3267	3267
3268	3268
3269	3269
3270	3270
3271	3271
3272	3272
3273	3273
3274	3274
3275	3275
3276	3276
3277	3277
3278	3278
3279	3279
3280	3280
3281	3281
3282	3282
3283	3283
3284	3284
3285	3285
3286	3286
3287	3287
3288	3288
3289	3289
3290	3290
3291	3291
3292	3292
3293	3293
3294	3294
3295	3295
3296	3296
3297	3297
3298	3298
3299	3299
3300	3300
3301	3301
3302	3302
3303	3303
3304	3304
3305	3305
3306	3306
3307	3307
3308	3308
3309	3309
3310	3310
3311	3311
3312	3312
3313	3313
3314	3314
3315	3315
3316	3316
3317	3317
3318	3318
3319	3319
3320	3320
3321	3321
3322	3322
3323	3323
3324	3324
3325	3325
3326	3326
3327	3327
3328	3328
3329	3329
3330	3330
3331	3331
3332	3332
3333	3333
3334	3334
3335	3335
3336	3336
3337	3337
3338	3338
3339	3339
3340	3340
3341	3341
3342	3342
3343	3343
3344	3344
3345	3345
3346	3346
3347	3347
3348	3348
3349	3349
3350	3350
3351	3351
3352	3352
3353	3353
3354	3354
3355	3355
3356	3356
3357	3357
3358	3358
3359	3359
3360	3360
3361	3361
3362	3362
3363	3363
3364	3364
3365	3365
3366	3366
3367	3367
3368	3368
3369	3369
3370	3370
3371	3371
3372	3372
3373	3373
3374	3374
3375	3375
3376	3376
3377	3377
3378	3378
3379	3379
3380	3380
3381	3381
3382	3382
3383	3383
3384	3384
3385	3385
3386	3386
3387	3387
3388	3388
3389	3389
3390	3390
3391	3391
3392	3392
3393	3393
3394	3394
3395	3395
3396	3396
3397	3397
3398	3398
3399	3399
3400	3400
3401	3401
3402	3402
3403	3403
3404	3404
3405	3405
3406	3406
3407	3407
3408	3408
3409	3409
3410	3410
3411	3411
3412	3412
3413	3413
3414	3414
3415	3415
3416	3416
3417	3417
3418	3418
3419	3419
3420	3420
3421	3421
3422	3422
3423	3423
3424	3424
3425	3425
3426	3426
3427	3427
3428	3428
3429	3429
3430	3430
3431	3431
3432	3432
3433	3433
3434	3434
3435	3435
3436	3436
3437	3437
3438	3438
3439	3439
3440	3440
3441	3441
3442	3442
3443	3443
3444	3444
3445	3445
3446	3446
3447	3447
3448	3448
3449	3449
3450	3450
3451	3451
3452	3452
3453	3453
3454	3454
3455	3455
3456	3456
3457	3457
3458	3458
3459	3459
3460	3460
3461	3461
3462	3462
3463	3463
3464	3464
3465	3465
3466	3466
3467	3467
3468	3468
3469	3469
3470	3470
3471	3471
3472	3472
3473	3473
3474	3474
3475	3475
3476	3476
3477	3477
3478	3478
3479	3479
3480	3480
3481	3481
3482	3482
3483	3483
3484	3484
3485	3485
3486	3486
3487	3487
3500	3488
3501	3489
3502	3490
3503	3491
3504	3492
3505	3493
3506	3494
3507	3495
3508	3496
3509	3497
3510	3498
3511	3499
3512	3500
3513	3501
3514	3502
3515	3503
3516	3504
3517	3505
3518	3506
3519	3507
3520	3508
3521	3509
3522	3510
3523	3511
3524	3512
3525	3513
3526	3514
3527	3515
3528	3516
3529	3517
3530	3518
3531	3519
3532	3520
3533	3521
3534	3522
3535	3523
3536	3524
3537	3525
3538	3526
3539	3527
3540	3528
3541	3529
3542	3530
3543	3531
3544	3532
3545	3533
3546	3534
3547	3535
3548	3536
3549	3537
3550	3538
3551	3539
3552	3540
3553	3541
3554	3542
3555	3543
3556	3544
3557	3545
3558	3546
3559	3547
3560	3548
3561	3549
3562	3550
3563	3551
3564	3552
3565	3553
3566	3554
3567	3555
3568	3556
3569	3557
3570	3558
3571	3559
3572	3560
3573	3561
3574	3562
3575	3563
3576	3564
3577	3565
3578	3566
3579	3567
3580	3568
3581	3569
3582	3570
3583	3571
3584	3572
3585	3573
3586	3574
3587	3575
3588	3576
3589	3577
3590	3578
3591	3579
3592	3580
3593	3581
3594	3582
3595	3583
3596	3584
3597	3585
3598	3586
3599	3587
3600	3588
3601	3589
3602	3590
3603	3591
3604	3592
3605	3593
3606	3594
3607	3595
3608	3596
3609	3597
3610	3598
3611	3599
3612	3600
3613	3601
3614	3602
3615	3603
3616	3604
3617	3605
3618	3606
3619	3607
3620	3608
3621	3609
3622	3610
3623	3611
3624	3612
3625	3613
3626	3614
3627	3615
3628	3616
3629	3617
3630	3618
3631	3619
3632	3620
3633	3621
3634	3622
3635	3623
3636	3624
3637	3625
3638	3626
3639	3627
3640	3628
3641	3629
3642	3630
3643	3631
3644	3632
3645	3633
3646	3634
3647	3635
3648	3636
3649	3637
3650	3638
3651	3639
3652	3640
3653	3641
3654	3642
3655	3643
3656	3644
3657	3645
3658	3646
3659	3647
3660	3648
3661	3649
3662	3650
3663	3651
3664	3652
3665	3653
3666	3654
3667	3655
3668	3656
3669	3657
3670	3658
3671	3659
3672	3660
3673	3661
3674	3662
3675	3663
3676	3664
3677	3665
3678	3666
3679	3667
3680	3668
3681	3669
3682	3670
3683	3671
3684	3672
3685	3673
3686	3674
3687	3675
3688	3676
3689	3677
3690	3678
3691	3679
3692	3680
3693	3681
3694	3682
3695	3683
3696	3684
3697	3685
3698	3686
3699	3687
3700	3688
3701	3689
3702	3690
3703	3691
3704	3692
3705	3693
3706	3694
3707	3695
3708	3696
3709	3697
3710	3698
3711	3699
3712	3700
3713	3701
3714	3702
3715	3703
3716	3704
3717	3705
3718	3706
3719	3707
3720	3708
3721	3709
3722	3710
3723	3711
3724	3712
3725	3713
3726	3714
3727	3715
3728	3716
3729	3717
3730	3718
3731	3719
3732	3720
3733	3721
3734	3722
3735	3723
3736	3724
3737	3725
3738	3726
3739	3727
3740	3728
3741	3729
3742	3730
3743	3731
3744	3732
3745	3733
3746	3734
3747	3735
3748	3736
3749	3737
3750	3738
3751	3739
3752	3740
3753	3741
3754	3742
3755	3743
3756	3744
3757	3745
3758	3746
3759	3747
3760	3748
3761	3749
3762	3750
3763	3751
3764	3752
3765	3753
3766	3754
3767	3755
3768	3756
3769	3757
3770	3758
3771	3759
3772	3760
3773	3761
3774	3762
3775	3763
3776	3764
3777	3765
3778	3766
3779	3767
3780	3768
3781	3769
3782	3770
3783	3771
3784	3772
3785	3773
3786	3774
3787	3775
3788	3776
3789	3777
3790	3778
3791	3779
3792	3780
3793	3781
3794	3782
3795	3783
3796	3784
3797	3785
3798	3786
3799	3787
3800	3788
3801	3789
3802	3790
3803	3791
3804	3792
3805	3793
3806	3794
3807	3795
3808	3796
3809	3797
3810	3798
3811	3799
3812	3800
3813	3801
3814	3802
3815	3803
3816	3804
3817	3805
3818	3806
3819	3807
3820	3808
3821	3809
3822	3810
3823	3811
3824	3812
3825	3813
3826	3814
3827	3815
3828	3816
3829	3817
3830	3818
3831	3819
3832	3820
3833	3821
3834	3822
3835	3823
3836	3824
3837	3825
3838	3826
3839	3827
3840	3828
3841	3829
3842	3830
3843	3831
3844	3832
3845	3833
3846	3834
3847	3835
3848	3836
3849	3837
3850	3838
3851	3839
3852	3840
3853	3841
3854	3842
3855	3843
3856	3844
3857	3845
3858	3846
3859	3847
3860	3848
3861	3849
3862	3850
3863	3851
3864	3852
3865	3853
3866	3854
3867	3855
3868	3856
3869	3857
3870	3858
3871	3859
3872	3860
3873	3861
3874	3862
3875	3863
3876	3864
3877	3865
3878	3866
3879	3867
3880	3868
3881	3869
3882	3870
3883	3871
3884	3872
3885	3873
3886	3874
3887	3875
3888	3876
3889	3877
3890	3878
3891	3879
3892	3880
3893	3881
3894	3882
3895	3883
3896	3884
3897	3885
3898	3886
3899	3887
3900	3888
3901	3889
3902	3890
3903	3891
3904	3892
3905	3893
3906	3894
3907	3895
3908	3896
3909	3897
3910	3898
3911	3899
3912	3900
3913	3901
3914	3902
3915	3903
3916	3904
3917	3905
3918	3906
3919	3907
3920	3908
3921	3909
3922	3910
3923	3911
3924	3912
3925	3913
3926	3914
3927	3915
3928	3916
3929	3917
3930	3918
3931	3919
3932	3920
3933	3921
3934	3922
3935	3923
3936	3924
3937	3925
3938	3926
3939	3927
3940	3928
3941	3929
3942	3930
3943	3931
3944	3932
3945	3933
3946	3934
3947	3935
3948	3936
3949	3937
3950	3938
3951	3939
3952	3940
3953	3941
3954	3942
3955	3943
3956	3944
3957	3945
3958	3946
3959	3947
3960	3948
3961	3949
3962	3950
3963	3951
3964	3952
3965	3953
3966	3954
3967	3955
3968	3956
3969	3957
3970	3958
3971	3959
3972	3960
3973	3961
3974	3962
3975	3963
3976	3964
3977	3965
3978	3966
3979	3967
3980	3968
3981	3969
3982	3970
3983	3971
3984	3972
3985	3973
3986	3974
3987	3975
3988	3976
3989	3977
3990	3978
3991	3979
3992	3980
3993	3981
3994	3982
3995	3983
3996	3984
3997	3985
3998	3986
3999	3987
4000	3988
4001	3989
4002	3990
4003	3991
4004	3992
4005	3993
4006	3994
4007	3995
4008	3996
4009	3997
4010	3998
4011	3999
4012	4000
4013	4001
4014	4002
4015	4003
4016	4004
4017	4005
4018	4006
4019	4007
4020	4008
4021	4009
4022	4010
4023	4011
4024	4012
4025	4013
4026	4014
4027	4015
4028	4016
4029	4017
4030	4018
4031	4019
4032	4020
4033	4021
4034	4022
4035	4023
4036	4024
4037	4025
4038	4026
4039	4027
4040	4028
4041	4029
4042	4030
4043	4031
4044	4032
4045	4033
4046	4034
4047	4035
4048	4036
4049	4037
4050	4038
4051	4039
4052	4040
4053	4041
4054	4042
4055	4043
4056	4044
4057	4045
4058	4046
4059	4047
4060	4048
4061	4049
4062	4050
4063	4051
4064	4052
4065	4053
4066	4054
4067	4055
4068	4056
4069	4057
4070	4058
4071	4059
4072	4060
4073	4061
4074	4062
4075	4063
4076	4064
4077	4065
4078	4066
4079	4067
4080	4068
4081	4069
4082	4070
4083	4071
4084	4072
4085	4073
4086	4074
4087	4075
4088	4076
4089	4077
4090	4078
4091	4079
4092	4080
4093	4081
4094	4082
4095	4083
4096	4084
4097	4085
4098	4086
4099	4087
4100	4088
4101	4089
4102	4090
4103	4091
4104	4092
4105	4093
4106	4094
4107	4095
4108	4096
4109	4097
4110	4098
4111	4099
4112	4100
4113	4101
4114	4102
4115	4103
4116	4104
4117	4105
4118	4106
4119	4107
4120	4108
4121	4109
4122	4110
4123	4111
4124	4112
4125	4113
4126	4114
4127	4115
4128	4116
4129	4117
4130	4118
4131	4119
4132	4120
4133	4121
4134	4122
4135	4123
4136	4124
4137	4125
4138	4126
4139	4127
4140	4128
4141	4129
4142	4130
4143	4131
4144	4132
4145	4133
4146	4134
4147	4135
4148	4136
4149	4137
4150	4138
4151	4139
4152	4140
4153	4141
4154	4142
4155	4143
4156	4144
4157	4145
4158	4146
4159	4147
4160	4148
4161	4149
4162	4150
4163	4151
4164	4152
4165	4153
4166	4154
4167	4155
4168	4156
4169	4157
4170	4158
4171	4159
4172	4160
4173	4161
4174	4162
4175	4163
4176	4164
4177	4165
4178	4166
4179	4167
4180	4168
4181	4169
4182	4170
4183	4171
4184	4172
4185	4173
4186	4174
4187	4175
4188	4176
4189	4177
4190	4178
4191	4179
4192	4180
4193	4181
4194	4182
4195	4183
4196	4184
4197	4185
4198	4186
4199	4187
4200	4188
4201	4189
4202	4190
4203	4191
4204	4192
4205	4193
4206	4194
4207	4195
4208	4196
4209	4197
4210	4198
4211	4199
4212	4200
4213	4201
4214	4202
4215	4203
4216	4204
4217	4205
4218	4206
4219	4207
4220	4208
4221	4209
4222	4210
4223	4211
4224	4212
4225	4213
4226	4214
4227	4215
4228	4216
4229	4217
4230	4218
4231	4219
4232	4220
4233	4221
4234	4222
4235	4223
4236	4224
4237	4225
4238	4226
4239	4227
4240	4228
4241	4229
4242	4230
4243	4231
4244	4232
4245	4233
4246	4234
4247	4235
4248	4236
4249	4237
4250	4238
4251	4239
4252	4240
4253	4241
4254	4242
4255	4243
4256	4244
4257	4245
4258	4246
4259	4247
4260	4248
4261	4249
4262	4250
4263	4251
4264	4252
4265	4253
4266	4254
4267	4255
4268	4256
4269	4257
4270	4258
4271	4259
4272	4260
4273	4261
4274	4262
4275	4263
4276	4264
4277	4265
4278	4266
4279	4267
4280	4268
4281	4269
4282	4270
4283	4271
4284	4272
4285	4273
4286	4274
4287	4275
4288	4276
4289	4277
4290	4278
4291	4279
4292	4280
4293	4281
4294	4282
4295	4283
4296	4284
4297	4285
4298	4286
4299	4287
4300	4288
4301	4289
4302	4290
4303	4291
4304	4292
4305	4293
4306	4294
4307	4295
4308	4296
4309	4297
4310	4298
4311	4299
4312	4300
4313	4301
4314	4302
4315	4303
4316	4304
4317	4305
4318	4306
4319	4307
4320	4308
4321	4309
4322	4310
4323	4311
4324	4312
4325	4313
4326	4314
4327	4315
4328	4316
4329	4317
4330	4318
4331	4319
4332	4320
4333	4321
4334	4322
4335	4323
4336	4324
4337	4325
4338	4326
4339	4327
4340	4328
4341	4329
4342	4330
4343	4331
4344	4332
4345	4333
4346	4334
4347	4335
4348	4336
4349	4337
4350	4338
4351	4339
4352	4340
4353	4341
4354	4342
4355	4343
4356	4344
4357	4345
4358	4346
4359	4347
4360	4348
4361	4349
4362	4350
4363	4351
4364	4352
4365	4353
4366	4354
4367	4355
4368	4356
4369	4357
4370	4358
4371	4359
4372	4360
4373	4361
4374	4362
4375	4363
4376	4364
4377	4365
4378	4366
4379	4367
4380	4368
4381	4369
4382	4370
4383	4371
4384	4372
4385	4373
4386	4374
4387	4375
4388	4376
4389	4377
4390	4378
4391	4379
4392	4380
4393	4381
4394	4382
4395	4383
4396	4384
4397	4385
4398	4386
4399	4387
4400	4388
4401	4389
4402	4390
4403	4391
4404	4392
4405	4393
4406	4394
4407	4395
4408	4396
4409	4397
4410	4398
4411	4399
4412	4400
4413	4401
4414	4402
4415	4403
4416	4404
4417	4405
4418	4406
4419	4407
4420	4408
4421	4409
4422	4410
4423	4411
4424	4412
4425	4413
4426	4414
4427	4415
4428	4416
4429	4417
4430	4418
4431	4419
4432	4420
4433	4421
4434	4422
4435	4423
4436	4424
4437	4425
4438	4426
4439	4427
4440	4428
4441	4429
4442	4430
4443	4431
4444	4432
4445	4433
4446	4434
4447	4435
4448	4436
4449	4437
4450	4438
4451	4439
4452	4440
4453	4441
4454	4442
4455	4443
4456	4444
4457	4445
4458	4446
4459	4447
4460	4448
4461	4449
4462	4450
4463	4451
4464	4452
4465	4453
4466	4454
4467	4455
4468	4456
4469	4457
4470	4458
4471	4459
4472	4460
4473	4461
4474	4462
4475	4463
4476	4464
4477	4465
4478	4466
4479	4467
4480	4468
4481	4469
4482	4470
4483	4471
4484	4472
4485	4473
4486	4474
4487	4475
4488	4476
4489	4477
4490	4478
4491	4479
4492	4480
4493	4481
4494	4482
4495	4483
4496	4484
4497	4485
4498	4486
4499	4487
4500	4488
4501	4489
4502	4490
4503	4491
4504	4492
4505	4493
4506	4494
4507	4495
4508	4496
4509	4497
4510	4498
4511	4499
4512	4500
4513	4501
4514	4502
4515	4503
4516	4504
4517	4505
4518	4506
4519	4507
4520	4508
4521	4509
4522	4510
4523	4511
4524	4512
4525	4513
4526	4514
4527	4515
4528	4516
4529	4517
4530	4518
4531	4519
4532	4520
4533	4521
4534	4522
4535	4523
4536	4524
4537	4525
4538	4526
4539	4527
4540	4528
4541	4529
4542	4530
4543	4531
4544	4532
4545	4533
4546	4534
4547	4535
4548	4536
4549	4537
4550	4538
4551	4539
4552	4540
4553	4541
4554	4542
4555	4543
4556	4544
4557	4545
4558	4546
4559	4547
4560	4548
4561	4549
4562	4550
4563	4551
4564	4552
4565	4553
4566	4554
4567	4555
4568	4556
4569	4557
4570	4558
4571	4559
4572	4560
4573	4561
4574	4562
4575	4563
4576	4564
4577	4565
4578	4566
4579	4567
4580	4568
4581	4569
4582	4570
4583	4571
4584	4572
4585	4573
4586	4574
4587	4575
4588	4576
4589	4577
4590	4578
4591	4579
4592	4580
4593	4581
4594	4582
4595	4583
4596	4584
4597	4585
4598	4586
4599	4587
4600	4588
4601	4589
4602	4590
4603	4591
4604	4592
4605	4593
4606	4594
4607	4595
4608	4596
4609	4597
4610	4598
4611	4599
4612	4600
4613	4601
4614	4602
4615	4603
4616	4604
4617	4605
4618	4606
4619	4607
4620	4608
4621	4609
4622	4610
4623	4611
4624	4612
4625	4613
4626	4614
4627	4615
4628	4616
4629	4617
4630	4618
4631	4619
4632	4620
4633	4621
4634	4622
4635	4623
4636	4624
4637	4625
4638	4626
4639	4627
4640	4628
4641	4629
4642	4630
4643	4631
4644	4632
4645	4633
4646	4634
4647	4635
4648	4636
4649	4637
4650	4638
4651	4639
4652	4640
4653	4641
4654	4642
4655	4643
4656	4644
4657	4645
4658	4646
4659	4647
4660	4648
4661	4649
4662	4650
4663	4651
4664	4652
4665	4653
4666	4654
4667	4655
4668	4656
4669	4657
4670	4658
4671	4659
4672	4660
4673	4661
4674	4662
4675	4663
4676	4664
4677	4665
4678	4666
4679	4667
4680	4668
4681	4669
4682	4670
4683	4671
4684	4672
4685	4673
4686	4674
4687	4675
4688	4676
4689	4677
4690	4678
4691	4679
4692	4680
4693	4681
4694	4682
4695	4683
4696	4684
4697	4685
4698	4686
4699	4687
4700	4688
4701	4689
4702	4690
4703	4691
4704	4692
4705	4693
4706	4694
4707	4695
4708	4696
4709	4697
4710	4698
4711	4699
4712	4700
4713	4701
4714	4702
4715	4703
4716	4704
4717	4705
4718	4706
4719	4707
4720	4708
4721	4709
4722	4710
4723	4711
4724	4712
4725	4713
4726	4714
4727	4715
4728	4716
4729	4717
4730	4718
4731	4719
4732	4720
4733	4721
4734	4722
4735	4723
4736	4724
4737	4725
4738	4726
4739	4727
4740	4728
4741	4729
4742	4730
4743	4731
4744	4732
4745	4733
4746	4734
4747	4735
4748	4736
4749	4737
4750	4738
4751	4739
4752	4740
4753	4741
4754	4742
4755	4743
4756	4744
4757	4745
4758	4746
4759	4747
4760	4748
4761	4749
4762	4750
4763	4751
4764	4752
4765	4753
4766	4754
4767	4755
4768	4756
4769	4757
4770	4758
4771	4759
4772	4760
4773	4761
4774	4762
4775	4763
4776	4764
4777	4765
4778	4766
4779	4767
4780	4768
4781	4769
4782	4770
4783	4771
4784	4772
4785	4773
4786	4774
4787	4775
4788	4776
4789	4777
4790	4778
4791	4779
4792	4780
4793	4781
4794	4782
4795	4783
4796	4784
4797	4785
4798	4786
4799	4787
4800	4788
4801	4789
4802	4790
4803	4791
4804	4792
4805	4793
4806	4794
4807	4795
4808	4796
4809	4797
4810	4798
4811	4799
4812	4800
4813	4801
4814	4802
4815	4803
4816	4804
4817	4805
4818	4806
4819	4807
4820	4808
4821	4809
4822	4810
4823	4811
4824	4812
4825	4813
4826	4814
4827	4815
4828	4816
4829	4817
4830	4818
4831	4819
4832	4820
4833	4821
4834	4822
4835	4823
4836	4824
4837	4825
4838	4826
4839	4827
4840	4828
4841	4829
4842	4830
4843	4831
4844	4832
4845	4833
4846	4834
4847	4835
4848	4836
4849	4837
4850	4838
4851	4839
4852	4840
4853	4841
4854	4842
4855	4843
4856	4844
4857	4845
4858	4846
4859	4847
4860	4848
4861	4849
4862	4850
4863	4851
4864	4852
4865	4853
4866	4854
4867	4855
4868	4856
4869	4857
4870	4858
4871	4859
4872	4860
4873	4861
4874	4862
4875	4863
4876	4864
4877	4865
4878	4866
4879	4867
4880	4868
4881	4869
4882	4870
4883	4871
4884	4872
4885	4873
4886	4874
4887	4875
4888	4876
4889	4877
4890	4878
4891	4879
4892	4880
4893	4881
4894	4882
4895	4883
4896	4884
4897	4885
4898	4886
4899	4887
4900	4888
4901	4889
4902	4890
4903	4891
4904	4892
4905	4893
4906	4894
4907	4895
4908	4896
4909	4897
4910	4898
4911	4899
4912	4900
4913	4901
4914	4902
4915	4903
4916	4904
4917	4905
4918	4906
4919	4907
4920	4908
4921	4909
4922	4910
4923	4911
4924	4912
4925	4913
4926	4914
4927	4915
4928	4916
4929	4917
4930	4918
4931	4919
4932	4920
4933	4921
4934	4922
4935	4923
4936	4924
4937	4925
4938	4926
4939	4927
4940	4928
4941	4929
4942	4930
4943	4931
4944	4932
4945	4933
4946	4934
4947	4935
4948	4936
4949	4937
4950	4938
4951	4939
4952	4940
4953	4941
4954	4942
4955	4943
4956	4944
4957	4945
4958	4946
4959	4947
4960	4948
4961	4949
4962	4950
4963	4951
4964	4952
4965	4953
4966	4954
4967	4955
4968	4956
4969	4957
4970	4958
4971	4959
4972	4960
4973	4961
4974	4962
4975	4963
4976	4964
4977	4965
4978	4966
4979	4967
4980	4968
4981	4969
4982	4970
4983	4971
4984	4972
4985	4973
4986	4974
4987	4975
4988	4976
4989	4977
4990	4978
4991	4979
4992	4980
4993	4981
4994	4982
4995	4983
4996	4984
4997	4985
4998	4986
4999	4987
5000	4988
5001	4989
5002	4990
5003	4991
5004	4992
5005	4993
5006	4994
5007	4995
5008	4996
5009	4997
5010	4998
5011	4999
5012	5000
5013	5001
5014	5002
5015	5003
5016	5004
5017	5005
5018	5006
5019	5007
5020	5008
5021	5009
5022	5010
5023	5011
5024	5012
5025	5013
5026	5014
5027	5015
5028	5016
5029	5017
5030	5018
5031	5019
5032	5020
5033	5021
5034	5022
5035	5023
5036	5024
5037	5025
5038	5026
5039	5027
5040	5028
5041	5029
5042	5030
5043	5031
5044	5032
5045	5033
5046	5034
5047	5035
5048	5036
5049	5037
5050	5038
5051	5039
5052	5040
5053	5041
5054	5042
5055	5043
5056	5044
5057	5045
5058	5046
5059	5047
5060	5048
5061	5049
5062	5050
5063	5051
5064	5052
5065	5053
5066	5054
5067	5055
5068	5056
5069	5057
5070	5058
5071	5059
5072	5060
5073	5061
5074	5062
5075	5063
5076	5064
5077	5065
5078	5066
5079	5067
5080	5068
5081	5069
5082	5070
5083	5071
5084	5072
5085	5073
5086	5074
5087	5075
5088	5076
5089	5077
5090	5078
5091	5079
5092	5080
5093	5081
5094	5082
5095	5083
5096	5084
5097	5085
5098	5086
5099	5087
5100	5088
5101	5089
5102	5090
5103	5091
5104	5092
5105	5093
5106	5094
5107	5095
5108	5096
5109	5097
5110	5098
5111	5099
5112	5100
5113	5101
5114	5102
5115	5103
5116	5104
5117	5105
5118	5106
5119	5107
5120	5108
5121	5109
5122	5110
5123	5111
5124	5112
5125	5113
5126	5114
5127	5115
5128	5116
5129	5117
5130	5118
5131	5119
5132	5120
5133	5121
5134	5122
5135	5123
5136	5124
5137	5125
5138	5126
5139	5127
5140	5128
5141	5129
5142	5130
5143	5131
5144	5132
5145	5133
5146	5134
5147	5135
5148	5136
5149	5137
5150	5138
5151	5139
5152	5140
5153	5141
5154	5142
5155	5143
5156	5144
5157	5145
5158	5146
5159	5147
5160	5148
5161	5149
5162	5150
5163	5151
5164	5152
5165	5153
5166	5154
5167	5155
5168	5156
5169	5157
5170	5158
5171	5159
5172	5160
5173	5161
5174	5162
5175	5163
5176	5164
5177	5165
5178	5166
5179	5167
5180	5168
5181	5169
5182	5170
5183	5171
5184	5172
5185	5173
5186	5174
5187	5175
5188	5176
5189	5177
5190	5178
5191	5179
5192	5180
5193	5181
5194	5182
5195	5183
5196	5184
5197	5185
5198	5186
5199	5187
5200	5188
5201	5189
5202	5190
5203	5191
5204	5192
5205	5193
5206	5194
5207	5195
5208	5196
5209	5197
5210	5198
5211	5199
5212	5200
5213	5201
5214	5202
5215	5203
5216	5204
5217	5205
5218	5206
5219	5207
5220	5208
5221	5209
5222	5210
5223	5211
5224	5212
5225	5213
5226	5214
5227	5215
5228	5216
5229	5217
5230	5218
5231	5219
5232	5220
5233	5221
5234	5222
5235	5223
5236	5224
5237	5225
5238	5226
5239	5227
5240	5228
5241	5229
5242	5230
5243	5231
5244	5232
5245	5233
5246	5234
5247	5235
5248	5236
5249	5237
5250	5238
5251	5239
5252	5240
5253	5241
5254	5242
5255	5243
5256	5244
5257	5245
5258	5246
5259	5247
5260	5248
5261	5249
5262	5250
5263	5251
5264	5252
5265	5253
5266	5254
5267	5255
5268	5256
5269	5257
5270	5258
5271	5259
5272	5260
5273	5261
5274	5262
5275	5263
5276	5264
5277	5265
5278	5266
5279	5267
5280	5268
5281	5269
5282	5270
5283	5271
5284	5272
5285	5273
5286	5274
5287	5275
5288	5276
5289	5277
5290	5278
5291	5279
5292	5280
5293	5281
5294	5282
5295	5283
5296	5284
5297	5285
5298	5286
5299	5287
5300	5288
5301	5289
5302	5290
5303	5291
5304	5292
5305	5293
5306	5294
5307	5295
5308	5296
5309	5297
5310	5298
5311	5299
5312	5300
5313	5301
5314	5302
5315	5303
5316	5304
5317	5305
5318	5306
5319	5307
5320	5308
5321	5309
5322	5310
5323	5311
5324	5312
5325	5313
5326	5314
5327	5315
5328	5316
5329	5317
5330	5318
5331	5319
5332	5320
5333	5321
5334	5322
5335	5323
5336	5324
5337	5325
5338	5326
5339	5327
5340	5328
5341	5329
5342	5330
5343	5331
5344	5332
5345	5333
5346	5334
5347	5335
5348	5336
5349	5337
5350	5338
5351	5339
5352	5340
5353	5341
5354	5342
5355	5343
5356	5344
5357	5345
5358	5346
5359	5347
5360	5348
5361	5349
5362	5350
5363	5351
5364	5352
5365	5353
5366	5354
5367	5355
5368	5356
5369	5357
5370	5358
5371	5359
5372	5360
5373	5361
5374	5362
5375	5363
5376	5364
5377	5365
5378	5366
5379	5367
5380	5368
5381	5369
5382	5370
5383	5371
5384	5372
5385	5373
5386	5374
5387	5375
5388	5376
5389	5377
5390	5378
5391	5379
5392	5380
5393	5381
5394	5382
5395	5383
5396	5384
5397	5385
5398	5386
5399	5387
5400	5388
5401	5389
5402	5390
5403	5391
5404	5392
5405	5393
5406	5394
5407	5395
5408	5396
5409	5397
5410	5398
5411	5399
5412	5400
5413	5401
5414	5402
5415	5403
5416	5404
5417	5405
5418	5406
5419	5407
5420	5408
5421	5409
5422	5410
5423	5411
5424	5412
5425	5413
5426	5414
5427	5415
5428	5416
5429	5417
5430	5418
5431	5419
5432	5420
5433	5421
5434	5422
5435	5423
5436	5424
5437	5425
5438	5426
5439	5427
5440	5428
5441	5429
5442	5430
5443	5431
5444	5432
5445	5433
5446	5434
5447	5435
5448	5436
5449	5437
5450	5438
5451	5439
5452	5440
5453	5441
5454	5442
5455	5443
5456	5444
5457	5445
5458	5446
5459	5447
5460	5448
5461	5449
5462	5450
5463	5451
5464	5452
5465	5453
5466	5454
5467	5455
5468	5456
5469	5457
5470	5458
5471	5459
5472	5460
5473	5461
5474	5462
5475	5463
5476	5464
5477	5465
5478	5466
5479	5467
5480	5468
5481	5469
5482	5470
5483	5471
5484	5472
5485	5473
5486	5474
5487	5475
5488	5476
5489	5477
5490	5478
5491	5479
5492	5480
5493	5481
5494	5482
5495	5483
5496	5484
5497	5485
5498	5486
5499	5487
5500	5488
5501	5489
5502	5490
5503	5491
5504	5492
5505	5493
5506	5494
5507	5495
5508	5496
5509	5497
5510	5498
5511	5499
5512	5500
5513	5501
5514	5502
5515	5503
5516	5504
5517	5505
5518	5506
5519	5507
5520	5508
5521	5509
5522	5510
5523	5511
5524	5512
5525	5513
5526	5514
5527	5515
5528	5516
5529	5517
5530	5518
5531	5519
5532	5520
5533	5521
5534	5522
5535	5523
5536	5524
5537	5525
5538	5526
5539	5527
5540	5528
5541	5529
5542	5530
5543	5531
5544	5532
5545	5533
5546	5534
5547	5535
5548	5536
5549	5537
5550	5538
5551	5539
5552	5540
5553	5541
5554	5542
5555	5543
5556	5544
5557	5545
5558	5546
5559	5547
5560	5548
5561	5549
5562	5550
5563	5551
5564	5552
5565	5553
5566	5554
5567	5555
5568	5556
5569	5557
5570	5558
5571	5559
5572	5560
5573	5561
5574	5562
5575	5563
5576	5564
5577	5565
5578	5566
5579	5567
5580	5568
5581	5569
5582	5570
5583	5571
5584	5572
5585	5573
5586	5574
5587	5575
5588	5576
5589	5577
5590	5578
5591	5579
5592	5580
5593	5581
5594	5582
5595	5583
5596	5584
5597	5585
5598	5586
5599	5587
5600	5588
5601	5589
5602	5590
5603	5591
5604	5592
5605	5593
5606	5594
5607	5595
5608	5596
5609	5597
5610	5598
5611	5599
5612	5600
5613	5601
5614	5602
5615	5603
5616	5604
5617	5605
5618	5606
5619	5607
5620	5608
5621	5609
5622	5610
5623	5611
5624	5612
5625	5613
5626	5614
5627	5615
5628	5616
5629	5617
5630	5618
5631	5619
5632	5620
5633	5621
5634	5622
5635	5623
5636	5624
5637	5625
5638	5626
5639	5627
5640	5628
5641	5629
5642	5630
5643	5631
5644	5632
5645	5633
5646	5634
5647	5635
5648	5636
5649	5637
5650	5638
5651	5639
5652	5640
5653	5641
5654	5642
5655	5643
5656	5644
5657	5645
5658	5646
5659	5647
5660	5648
5661	5649
5662	5650
5663	5651
5664	5652
5665	5653
5666	5654
5667	5655
5668	5656
5669	5657
5670	5658
5671	5659
5672	5660
5673	5661
5674	5662
5675	5663
5676	5664
5677	5665
5678	5666
5679	5667
5680	5668
5681	5669
5682	5670
5683	5671
5684	5672
5685	5673
5686	5674
5687	5675
5688	5676
5689	5677
5690	5678
5691	5679
5692	5680
5693	5681
5694	5682
5695	5683
5696	5684
5697	5685
5698	5686
5699	5687
5700	5688
5701	5689
5702	5690
5703	5691
5704	5692
5705	5693
5706	5694
5707	5695
5708	5696
5709	5697
5710	5698
5711	5699
5712	5700
5713	5701
5714	5702
5715	5703
5716	5704
5717	5705
5718	5706
5719	5707
5720	5708
5721	5709
5722	5710
5723	5711
5724	5712
5725	5713
5726	5714
5727	5715
5728	5716
5729	5717
5730	5718
5731	5719
5732	5720
5733	5721
5734	5722
5735	5723
5736	5724
5737	5725
5738	5726
5739	5727
5740	5728
5741	5729
5742	5730
5743	5731
5744	5732
5745	5733
5746	5734
5747	5735
5748	5736
5749	5737
5750	5738
5751	5739
5752	5740
5753	5741
5754	5742
5755	5743
5756	5744
5757	5745
5758	5746
5759	5747
5760	5748
5761	5749
5762	5750
5763	5751
5764	5752
5765	5753
5766	5754
5767	5755
5768	5756
5769	5757
5770	5758
5771	5759
5772	5760
5773	5761
5774	5762
5775	5763
5776	5764
5777	5765
5778	5766
5779	5767
5780	5768
5781	5769
5782	5770
5783	5771
5784	5772
5785	5773
5786	5774
5787	5775
5788	5776
5789	5777
5790	5778
5791	5779
5792	5780
5793	5781
5794	5782
5795	5783
5796	5784
5797	5785
5798	5786
5799	5787
5800	5788
5801	5789
5802	5790
5803	5791
5804	5792
5805	5793
5806	5794
5807	5795
5808	5796
5809	5797
5810	5798
5811	5799
5812	5800
5813	5801
5814	5802
5815	5803
5816	5804
5817	5805
5818	5806
5819	5807
5820	5808
5821	5809
5822	5810
5823	5811
5824	5812
5825	5813
5826	5814
5827	5815
5828	5816
5829	5817
5830	5818
5831	5819
5832	5820
5833	5821
5834	5822
5835	5823
5836	5824
5837	5825
5838	5826
5839	5827
5840	5828
5841	5829
5842	5830
5843	5831
5844	5832
5845	5833
5846	5834
5847	5835
5848	5836
5849	5837
5850	5838
5851	5839
5852	5840
5853	5841
5854	5842
5855	5843
5856	5844
5857	5845
5858	5846
5859	5847
5860	5848
5861	5849
5862	5850
5863	5851
5864	5852
5865	5853
5866	5854
5867	5855
5868	5856
5869	5857
5870	5858
5871	5859
5872	5860
5873	5861
5874	5862
5875	5863
5876	5864
5877	5865
5878	5866
5879	5867
5880	5868
5881	5869
5882	5870
5883	5871
5884	5872
5885	5873
5886	5874
5887	5875
5888	5876
5889	5877
5890	5878
5891	5879
5892	5880
5893	5881
5894	5882
5895	5883
5896	5884
5897	5885
5898	5886
5899	5887
5900	5888
5901	5889
5902	5890
5903	5891
5904	5892
5905	5893
5906	5894
5907	5895
5908	5896
5909	5897
5910	5898
5911	5899
5912	5900
5913	5901
5914	5902
5915	5903
5916	5904
5917	5905
5918	5906
5919	5907
5920	5908
5921	5909
5922	5910
5923	5911
5924	5912
5925	5913
5926	5914
5927	5915
5928	5916
5929	5917
5930	5918
5931	5919
5932	5920
5933	5921
5934	5922
5935	5923
5936	5924
5937	5925
5938	5926
5939	5927
5940	5928
5941	5929
5942	5930
5943	5931
5944	5932
5945	5933
5946	5934
5947	5935
5948	5936
5949	5937
5950	5938
5951	5939
5952	5940
5953	5941
5954	5942
5955	5943
5956	5944
5957	5945
5958	5946
5959	5947
5960	5948
5961	5949
5962	5950
5963	5951
5964	5952
5965	5953
5966	5954
5967	5955
5968	5956
5969	5957
5970	5958
5971	5959
5972	5960
5973	5961
5974	5962
5975	5963
5976	5964
5977	5965
5978	5966
5979	5967
5980	5968
5981	5969
5982	5970
5983	5971
5984	5972
5985	5973
5986	5974
5987	5975
5988	5976
5989	5977
5990	5978
5991	5979
5992	5980
5993	5981
5994	5982
5995	5983
5996	5984
5997	5985
5998	5986
5999	5987
6000	5988
6001	5989
6002	5990
6003	5991
6004	5992
6005	5993
6006	5994
6007	5995
6008	5996
6009	5997
6010	5998
6011	5999
6012	6000
6013	6001
6014	6002
6015	6003
6016	6004
6017	6005
6018	6006
6019	6007
6020	6008
6021	6009
6022	6010
6023	6011
6024	6012
6025	6013
6026	6014
6027	6015
6028	6016
6029	6017
6030	6018
6031	6019
6032	6020
6033	6021
6034	6022
6035	6023
6036	6024
6037	6025
6038	6026
6039	6027
6040	6028
6041	6029
6042	6030
6043	6031
6044	6032
6045	6033
6046	6034
6047	6035
6048	6036
6049	6037
6050	6038
6051	6039
6052	6040
6053	6041
6054	6042
6055	6043
6056	6044
6057	6045
6058	6046
6059	6047
6060	6048
6061	6049
6062	6050
6063	6051
6064	6052
6065	6053
6066	6054
6067	6055
6068	6056
6069	6057
6070	6058
6071	6059
6072	6060
6073	6061
6074	6062
6075	6063
6076	6064
6077	6065
6078	6066
6079	6067
6080	6068
6081	6069
6082	6070
6083	6071
6084	6072
6085	6073
6086	6074
6087	6075
6088	6076
6089	6077
6090	6078
6091	6079
6092	6080
6093	6081
6094	6082
6095	6083
6096	6084
6097	6085
6098	6086
6099	6087
6100	6088
6101	6089
6102	6090
6103	6091
6104	6092
6105	6093
6106	6094
6107	6095
6108	6096
6109	6097
6110	6098
6111	6099
6112	6100
6113	6101
6114	6102
6115	6103
6116	6104
6117	6105
6118	6106
6119	6107
6120	6108
6121	6109
6122	6110
6123	6111
6124	6112
6125	6113
6126	6114
6127	6115
6128	6116
6129	6117
6130	6118
6131	6119
6132	6120
6133	6121
6134	6122
6135	6123
6136	6124
6137	6125
6138	6126
6139	6127
6140	6128
6141	6129
6142	6130
6143	6131
6144	6132
6145	6133
6146	6134
6147	6135
6148	6136
6149	6137
6150	6138
6151	6139
6152	6140
6153	6141
6154	6142
6155	6143
6156	6144
6157	6145
6158	6146
6159	6147
6160	6148
6161	6149
6162	6150
6163	6151
6164	6152
6165	6153
6166	6154
6167	6155
6168	6156
6169	6157
6170	6158
6171	6159
6172	6160
6173	6161
6174	6162
6175	6163
6176	6164
6177	6165
6178	6166
6179	6167
6180	6168
6181	6169
6182	6170
6183	6171
6184	6172
6185	6173
6186	6174
6187	6175
6188	6176
6189	6177
6190	6178
6191	6179
6192	6180
6193	6181
6194	6182
6195	6183
6196	6184
6197	6185
6198	6186
6199	6187
6200	6188
6201	6189
6202	6190
6203	6191
6204	6192
6205	6193
6206	6194
6207	6195
6208	6196
6209	6197
6210	6198
6211	6199
6212	6200
6213	6201
6214	6202
6215	6203
6216	6204
6217	6205
6218	6206
6219	6207
6220	6208
6221	6209
6222	6210
6223	6211
6224	6212
6225	6213
6226	6214
6227	6215
6228	6216
6229	6217
6230	6218
6231	6219
6232	6220
6233	6221
6234	6222
6235	6223
6236	6224
6237	6225
6238	6226
6239	6227
6240	6228
6241	6229
6242	6230
6243	6231
6244	6232
6245	6233
6246	6234
6247	6235
6248	6236
6249	6237
6250	6238
6251	6239
6252	6240
6253	6241
6254	6242
6255	6243
6256	6244
6257	6245
6258	6246
6259	6247
6260	6248
6261	6249
6262	6250
6263	6251
6264	6252
6265	6253
6266	6254
6267	6255
6268	6256
6269	6257
6270	6258
6271	6259
6272	6260
6273	6261
6274	6262
6275	6263
6276	6264
6277	6265
6278	6266
6279	6267
6280	6268
6281	6269
6282	6270
6283	6271
6284	6272
6285	6273
6286	6274
6287	6275
6288	6276
6289	6277
6290	6278
6291	6279
6292	6280
6293	6281
6294	6282
6295	6283
6296	6284
6297	6285
6298	6286
6299	6287
6300	6288
6301	6289
6302	6290
6303	6291
6304	6292
6305	6293
6306	6294
6307	6295
6308	6296
6309	6297
6310	6298
6311	6299
6312	6300
6313	6301
6314	6302
6315	6303
6316	6304
6317	6305
6318	6306
6319	6307
6320	6308
6321	6309
6322	6310
6323	6311
6324	6312
6325	6313
6326	6314
6327	6315
6328	6316
6329	6317
6330	6318
6331	6319
6332	6320
6333	6321
6334	6322
6335	6323
6336	6324
6337	6325
6338	6326
6339	6327
6340	6328
6341	6329
6342	6330
6343	6331
6344	6332
6345	6333
6346	6334
6347	6335
6348	6336
6349	6337
6350	6338
6351	6339
6352	6340
6353	6341
6354	6342
6355	6343
6356	6344
6357	6345
6358	6346
6359	6347
6360	6348
6361	6349
6362	6350
6363	6351
6364	6352
6365	6353
6366	6354
6367	6355
6368	6356
6369	6357
6370	6358
6371	6359
6372	6360
6373	6361
6374	6362
6375	6363
6376	6364
6377	6365
6378	6366
6379	6367
6380	6368
6381	6369
6382	6370
6383	6371
6384	6372
6385	6373
6386	6374
6387	6375
6388	6376
6389	6377
6390	6378
6391	6379
6392	6380
6393	6381
6394	6382
6395	6383
6396	6384
6397	6385
6398	6386
6399	6387
6400	6388
6401	6389
6402	6390
6403	6391
6404	6392
6405	6393
6406	6394
6407	6395
6408	6396
6409	6397
6410	6398
6411	6399
6412	6400
6413	6401
6414	6402
6415	6403
6416	6404
6417	6405
6418	6406
6419	6407
6420	6408
6421	6409
6422	6410
6423	6411
6424	6412
6425	6413
6426	6414
6427	6415
6428	6416
6429	6417
6430	6418
6431	6419
6432	6420
6433	6421
6434	6422
6435	6423
6436	6424
6437	6425
6438	6426
6439	6427
6440	6428
6441	6429
6442	6430
6443	6431
6444	6432
6445	6433
6446	6434
6447	6435
6448	6436
6449	6437
6450	6438
6451	6439
6452	6440
6453	6441
6454	6442
6455	6443
6456	6444
6457	6445
6458	6446
6459	6447
6460	6448
6461	6449
6462	6450
6463	6451
6464	6452
6465	6453
6466	6454
6467	6455
6468	6456
6469	6457
6470	6458
6471	6459
6472	6460
6473	6461
6474	6462
6475	6463
6476	6464
6477	6465
6478	6466
6479	6467
6480	6468
6481	6469
6482	6470
6483	6471
6484	6472
6485	6473
6486	6474
6487	6475
6488	6476
6489	6477
6490	6478
6491	6479
6492	6480
6493	6481
6494	6482
6495	6483
6496	6484
6497	6485
6498	6486
6499	6487
6500	6488
6501	6489
6502	6490
6503	6491
6504	6492
6505	6493
6506	6494
6507	6495
6508	6496
6509	6497
6510	6498
6511	6499
6512	6500
6513	6501
6514	6502
6515	6503
6516	6504
6517	6505
6518	6506
6519	6507
6520	6508
6521	6509
6522	6510
6523	6511
6524	6512
6525	6513
6526	6514
6527	6515
6528	6516
6529	6517
6530	6518
6531	6519
6532	6520
6533	6521
6534	6522
6535	6523
6536	6524
6537	6525
6538	6526
6539	6527
6540	6528
6560	6529
6561	6530
6562	6531
6563	6532
6564	6533
6565	6534
6566	6535
6567	6536
6568	6537
6569	6538
6570	6539
6571	6540
6572	6541
6573	6542
6574	6543
6575	6544
6576	6545
6577	6546
6578	6547
6579	6548
6580	6549
6581	6550
6582	6551
6583	6552
6584	6553
6585	6554
6586	6555
6587	6556
6588	6557
6589	6558
6590	6559
6591	6560
6592	6561
6593	6562
6594	6563
6595	6564
6596	6565
6597	6566
6598	6567
6599	6568
6600	6569
6601	6570
6602	6571
6603	6572
6604	6573
6605	6574
6606	6575
6607	6576
6608	6577
6609	6578
6610	6579
6611	6580
6612	6581
6613	6582
6614	6583
6615	6584
6616	6585
6617	6586
6618	6587
6619	6588
6620	6589
6621	6590
6622	6591
6623	6592
6624	6593
6625	6594
6626	6595
6627	6596
6628	6597
6629	6598
6630	6599
6631	6600
6632	6601
6633	6602
6634	6603
6635	6604
6636	6605
6637	6606
6638	6607
6639	6608
6640	6609
6641	6610
6642	6611
6643	6612
6644	6613
6645	6614
6646	6615
6647	6616
6648	6617
6649	6618
6650	6619
6651	6620
6652	6621
6653	6622
6654	6623
6655	6624
6656	6625
6657	6626
6658	6627
6659	6628
6660	6629
6661	6630
6662	6631
6663	6632
6664	6633
6665	6634
6666	6635
6667	6636
6668	6637
6669	6638
6670	6639
6671	6640
6672	6641
6673	6642
6674	6643
6675	6644
6676	6645
6677	6646
6678	6647
6679	6648
6680	6649
6681	6650
6682	6651
6683	6652
6684	6653
6685	6654
6686	6655
6687	6656
6688	6657
6689	6658
6690	6659
6691	6660
6692	6661
6693	6662
6694	6663
6695	6664
6696	6665
6697	6666
6698	6667
6699	6668
6700	6669
6701	6670
6702	6671
6703	6672
6704	6673
6705	6674
6706	6675
6707	6676
6708	6677
6709	6678
6710	6679
6711	6680
6712	6681
6713	6682
6714	6683
6715	6684
6716	6685
6717	6686
6718	6687
6719	6688
6720	6689
6721	6690
6722	6691
6723	6692
6724	6693
6725	6694
6726	6695
6727	6696
6728	6697
6729	6698
6730	6699
6731	6700
6732	6701
6733	6702
6734	6703
6735	6704
6736	6705
6737	6706
6738	6707
6739	6708
6740	6709
6741	6710
6742	6711
6743	6712
6744	6713
6745	6714
6746	6715
6747	6716
6748	6717
6749	6718
6750	6719
6751	6720
6752	6721
6753	6722
6754	6723
6755	6724
6756	6725
6757	6726
6758	6727
6759	6728
6760	6729
6761	6730
6762	6731
6763	6732
6764	6733
6765	6734
6766	6735
6767	6736
6768	6737
6769	6738
6770	6739
6771	6740
6772	6741
6773	6742
6774	6743
6775	6744
6776	6745
6777	6746
6778	6747
6779	6748
6780	6749
6781	6750
6782	6751
6783	6752
6784	6753
6785	6754
6786	6755
6787	6756
6788	6757
6789	6758
6790	6759
6791	6760
6792	6761
6793	6762
6794	6763
6795	6764
6796	6765
6797	6766
6798	6767
6799	6768
6800	6769
6801	6770
6802	6771
6803	6772
6804	6773
6805	6774
6806	6775
6807	6776
6808	6777
6809	6778
6810	6779
6811	6780
6812	6781
6813	6782
6814	6783
6815	6784
6816	6785
6817	6786
6818	6787
6819	6788
6820	6789
6821	6790
6822	6791
6823	6792
6824	6793
6825	6794
6826	6795
6827	6796
6828	6797
6829	6798
6830	6799
6831	6800
6832	6801
6833	6802
6834	6803
6835	6804
6836	6805
6837	6806
6838	6807
6839	6808
6840	6809
6841	6810
6842	6811
6843	6812
6844	6813
6845	6814
6846	6815
6847	6816
6848	6817
6849	6818
6850	6819
6851	6820
6852	6821
6853	6822
6854	6823
6855	6824
6856	6825
6857	6826
6858	6827
6859	6828
6860	6829
6861	6830
6862	6831
6863	6832
6864	6833
6865	6834
6866	6835
6867	6836
6868	6837
6869	6838
6870	6839
6871	6840
6872	6841
6873	6842
6874	6843
6875	6844
6876	6845
6877	6846
6878	6847
6879	6848
6880	6849
6881	6850
6882	6851
6883	6852
6884	6853
6885	6854
6886	6855
6887	6856
6888	6857
6889	6858
6890	6859
6891	6860
6892	6861
6893	6862
6894	6863
6895	6864
6896	6865
6897	6866
6898	6867
6899	6868
6900	6869
6901	6870
6902	6871
6903	6872
6904	6873
6905	6874
6906	6875
6907	6876
6908	6877
6909	6878
6910	6879
6911	6880
6912	6881
6913	6882
6914	6883
6915	6884
6916	6885
6917	6886
6918	6887
6919	6888
6920	6889
6921	6890
6922	6891
6923	6892
6924	6893
6925	6894
6926	6895
6927	6896
6928	6897
6929	6898
6930	6899
6931	6900
6932	6901
6933	6902
6934	6903
6935	6904
6936	6905
6937	6906
6938	6907
6939	6908
6940	6909
6941	6910
6942	6911
6943	6912
6944	6913
6945	6914
6946	6915
6947	6916
6948	6917
6949	6918
6950	6919
6951	6920
6952	6921
6953	6922
6954	6923
6955	6924
6956	6925
6957	6926
6958	6927
6959	6928
6960	6929
6961	6930
6962	6931
6963	6932
6964	6933
6965	6934
6966	6935
6967	6936
6968	6937
6969	6938
6970	6939
6971	6940
6972	6941
6973	6942
6974	6943
6975	6944
6976	6945
6977	6946
6978	6947
6979	6948
6980	6949
6981	6950
6982	6951
6983	6952
6984	6953
6985	6954
6986	6955
6987	6956
6988	6957
6989	6958
6990	6959
6991	6960
6992	6961
6993	6962
6994	6963
6995	6964
6996	6965
6997	6966
6998	6967
6999	6968
7000	6969
7001	6970
7002	6971
7003	6972
7004	6973
7005	6974
7006	6975
7007	6976
7008	6977
7009	6978
7010	6979
7011	6980
7012	6981
7013	6982
7014	6983
7015	6984
7016	6985
7017	6986
7018	6987
7019	6988
7020	6989
7021	6990
7022	6991
7023	6992
7024	6993
7025	6994
7026	6995
7027	6996
7028	6997
7029	6998
7030	6999
7031	7000
7032	7001
7033	7002
7034	7003
7035	7004
7036	7005
7037	7006
7038	7007
7039	7008
7040	7009
7041	7010
7042	7011
7043	7012
7044	7013
7045	7014
7046	7015
7047	7016
7048	7017
7049	7018
7050	7019
7051	7020
7052	7021
7053	7022
7054	7023
7055	7024
7056	7025
7057	7026
7058	7027
7059	7028
7060	7029
7061	7030
7062	7031
7063	7032
7064	7033
7065	7034
7066	7035
7067	7036
7068	7037
7069	7038
7070	7039
7071	7040
7072	7041
7073	7042
7074	7043
7075	7044
7076	7045
7077	7046
7078	7047
7079	7048
7080	7049
7081	7050
7082	7051
7083	7052
7084	7053
7085	7054
7086	7055
7087	7056
7088	7057
7089	7058
7090	7059
7091	7060
7092	7061
7093	7062
7094	7063
7095	7064
7096	7065
7097	7066
7098	7067
7099	7068
7100	7069
7101	7070
7102	7071
7103	7072
7104	7073
7105	7074
7106	7075
7107	7076
7108	7077
7109	7078
7110	7079
7111	7080
7112	7081
7113	7082
7114	7083
7115	7084
7116	7085
7117	7086
7118	7087
7119	7088
7120	7089
7121	7090
7122	7091
7123	7092
7124	7093
7125	7094
7126	7095
7127	7096
7128	7097
7129	7098
7130	7099
7131	7100
7132	7101
7133	7102
7134	7103
7135	7104
7136	7105
7137	7106
7138	7107
7139	7108
7140	7109
7141	7110
7142	7111
7143	7112
7144	7113
7145	7114
7146	7115
7147	7116
7148	7117
7149	7118
7150	7119
7151	7120
7152	7121
7153	7122
7154	7123
7155	7124
7156	7125
7157	7126
7158	7127
7159	7128
7160	7129
7161	7130
7162	7131
7163	7132
7164	7133
7165	7134
7166	7135
7167	7136
7168	7137
7169	7138
7170	7139
7171	7140
7172	7141
7173	7142
7174	7143
7175	7144
7176	7145
7177	7146
7178	7147
7179	7148
7180	7149
7181	7150
7182	7151
7183	7152
7184	7153
7185	7154
7186	7155
7187	7156
7188	7157
7189	7158
7190	7159
7191	7160
7192	7161
7193	7162
7194	7163
7195	7164
7196	7165
7197	7166
7198	7167
7199	7168
7200	7169
7201	7170
7202	7171
7203	7172
7204	7173
7205	7174
7206	7175
7207	7176
7208	7177
7209	7178
7210	7179
7211	7180
7212	7181
7213	7182
7214	7183
7215	7184
7216	7185
7217	7186
7218	7187
7219	7188
7220	7189
7221	7190
7222	7191
7223	7192
7224	7193
7225	7194
7226	7195
7227	7196
7228	7197
7229	7198
7230	7199
7231	7200
7232	7201
7233	7202
7234	7203
7235	7204
7236	7205
7237	7206
7238	7207
7239	7208
7240	7209
7241	7210
7242	7211
7243	7212
7244	7213
7245	7214
7246	7215
7247	7216
7248	7217
7249	7218
7250	7219
7251	7220
7252	7221
7253	7222
7254	7223
7255	7224
7256	7225
7257	7226
7258	7227
7259	7228
7260	7229
7261	7230
7262	7231
7263	7232
7264	7233
7265	7234
7266	7235
7267	7236
7268	7237
7269	7238
7270	7239
7271	7240
7272	7241
7273	7242
7274	7243
7275	7244
7276	7245
7277	7246
7278	7247
7279	7248
7280	7249
7281	7250
7282	7251
7283	7252
7284	7253
7285	7254
7286	7255
7287	7256
7288	7257
7289	7258
7290	7259
7291	7260
7292	7261
7293	7262
7294	7263
7295	7264
7296	7265
7297	7266
7298	7267
7299	7268
7300	7269
7301	7270
7302	7271
7303	7272
7304	7273
7305	7274
7306	7275
7307	7276
7308	7277
7309	7278
7310	7279
7311	7280
7312	7281
7313	7282
7314	7283
7315	7284
7316	7285
7317	7286
7318	7287
7319	7288
7320	7289
7321	7290
7322	7291
7323	7292
7324	7293
7325	7294
7326	7295
7327	7296
7328	7297
7329	7298
7330	7299
7331	7300
7332	7301
7333	7302
7334	7303
7335	7304
7336	7305
7337	7306
7338	7307
7339	7308
7340	7309
7341	7310
7342	7311
7343	7312
7344	7313
7345	7314
7346	7315
7347	7316
7348	7317
7349	7318
7350	7319
7351	7320
7352	7321
7353	7322
7354	7323
7355	7324
7356	7325
7357	7326
7358	7327
7359	7328
7360	7329
7361	7330
7362	7331
7363	7332
7364	7333
7365	7334
7366	7335
7367	7336
7368	7337
7369	7338
7370	7339
7371	7340
7372	7341
7373	7342
7374	7343
7375	7344
7376	7345
7377	7346
7378	7347
7379	7348
7380	7349
7381	7350
7382	7351
7383	7352
7384	7353
7385	7354
7386	7355
7387	7356
7388	7357
7389	7358
7390	7359
7391	7360
7392	7361
7393	7362
7394	7363
7395	7364
7396	7365
7397	7366
7398	7367
7399	7368
7400	7369
7401	7370
7402	7371
7403	7372
7404	7373
7405	7374
7406	7375
7407	7376
7408	7377
7409	7378
7410	7379
7411	7380
7412	7381
7413	7382
7414	7383
7415	7384
7416	7385
7417	7386
7418	7387
7419	7388
7420	7389
7421	7390
7422	7391
7423	7392
7424	7393
7425	7394
7426	7395
7427	7396
7428	7397
7429	7398
7430	7399
7431	7400
7432	7401
7433	7402
7434	7403
7435	7404
7436	7405
7437	7406
7438	7407
7439	7408
7440	7409
7441	7410
7442	7411
7443	7412
7444	7413
7445	7414
7446	7415
7447	7416
7448	7417
7449	7418
7450	7419
7451	7420
7452	7421
7453	7422
7454	7423
7455	7424
7456	7425
7457	7426
7458	7427
7459	7428
7460	7429
7461	7430
7462	7431
7463	7432
7464	7433
7465	7434
7466	7435
7467	7436
7468	7437
7469	7438
7470	7439
7471	7440
7472	7441
7473	7442
7474	7443
7475	7444
7476	7445
7477	7446
7478	7447
7479	7448
7480	7449
7481	7450
7482	7451
7483	7452
7484	7453
7485	7454
7486	7455
7487	7456
7488	7457
7489	7458
7490	7459
7491	7460
7492	7461
7493	7462
7494	7463
7495	7464
7496	7465
7497	7466
7498	7467
7499	7468
7500	7469
7501	7470
7502	7471
7503	7472
7504	7473
7505	7474
7506	7475
7507	7476
7508	7477
7509	7478
7510	7479
7511	7480
7512	7481
7513	7482
7514	7483
7515	7484
7516	7485
7517	7486
7518	7487
7519	7488
7520	7489
7521	7490
7522	7491
7523	7492
7524	7493
7525	7494
7526	7495
7527	7496
7528	7497
7529	7498
7530	7499
7531	7500
7532	7501
7533	7502
7534	7503
7535	7504
7536	7505
7537	7506
7538	7507
7539	7508
7540	7509
7541	7510
7542	7511
7543	7512
7544	7513
7545	7514
7546	7515
7547	7516
7548	7517
7549	7518
7550	7519
7551	7520
7552	7521
7553	7522
7554	7523
7555	7524
7556	7525
7557	7526
7558	7527
7559	7528
7560	7529
7561	7530
7562	7531
7563	7532
7564	7533
7565	7534
7566	7535
7567	7536
7568	7537
7569	7538
7570	7539
7571	7540
7572	7541
7573	7542
7574	7543
7575	7544
7576	7545
7577	7546
7578	7547
7579	7548
7580	7549
7581	7550
7582	7551
7583	7552
7584	7553
7585	7554
7586	7555
7587	7556
7588	7557
7589	7558
7590	7559
7591	7560
7592	7561
7593	7562
7594	7563
7595	7564
7596	7565
7597	7566
7598	7567
7599	7568
7600	7569
7601	7570
7602	7571
7603	7572
7604	7573
7605	7574
7606	7575
7607	7576
7608	7577
7609	7578
7610	7579
7611	7580
7612	7581
7613	7582
7614	7583
7615	7584
7616	7585
7617	7586
7618	7587
7619	7588
7620	7589
7621	7590
7622	7591
7623	7592
7624	7593
7625	7594
7626	7595
7627	7596
7628	7597
7629	7598
7630	7599
7631	7600
7632	7601
7633	7602
7634	7603
7635	7604
7636	7605
7637	7606
7638	7607
7639	7608
7640	7609
7641	7610
7642	7611
7643	7612
7644	7613
7645	7614
7646	7615
7647	7616
7648	7617
7649	7618
7650	7619
7651	7620
7652	7621
7653	7622
7654	7623
7655	7624
7656	7625
7657	7626
7658	7627
7659	7628
7660	7629
7661	7630
7662	7631
7663	7632
7664	7633
7665	7634
7666	7635
7667	7636
7668	7637
7669	7638
7670	7639
7671	7640
7672	7641
7673	7642
7674	7643
7675	7644
7676	7645
7677	7646
7678	7647
7679	7648
7680	7649
7681	7650
7682	7651
7683	7652
7684	7653
7685	7654
7686	7655
7687	7656
7688	7657
7689	7658
7690	7659
7691	7660
7692	7661
7693	7662
7694	7663
7695	7664
7696	7665
7697	7666
7698	7667
7699	7668
7700	7669
7701	7670
7702	7671
7703	7672
7704	7673
7705	7674
7706	7675
7707	7676
7708	7677
7709	7678
7710	7679
7711	7680
7712	7681
7713	7682
7714	7683
7715	7684
7716	7685
7717	7686
7718	7687
7719	7688
7720	7689
7721	7690
7722	7691
7723	7692
7724	7693
7725	7694
7726	7695
7727	7696
7728	7697
7729	7698
7730	7699
7731	7700
7732	7701
7733	7702
7734	7703
7735	7704
7736	7705
7737	7706
7738	7707
7739	7708
7740	7709
7741	7710
7742	7711
7743	7712
7744	7713
7745	7714
7746	7715
7747	7716
7748	7717
7749	7718
7750	7719
7751	7720
7752	7721
7753	7722
7754	7723
7755	7724
7756	7725
7757	7726
7758	7727
7759	7728
7760	7729
7761	7730
7762	7731
7763	7732
7764	7733
7765	7734
7766	7735
7767	7736
7768	7737
7769	7738
7770	7739
7771	7740
7772	7741
7773	7742
7774	7743
7775	7744
7776	7745
7777	7746
7778	7747
7779	7748
7780	7749
7781	7750
7782	7751
7783	7752
7784	7753
7785	7754
7786	7755
7787	7756
7788	7757
7789	7758
7790	7759
7791	7760
7792	7761
7793	7762
7794	7763
7795	7764
7796	7765
7797	7766
7798	7767
7799	7768
7800	7769
7801	7770
7802	7771
7803	7772
7804	7773
7805	7774
7806	7775
7807	7776
7808	7777
7809	7778
7810	7779
7811	7780
7812	7781
7813	7782
7814	7783
7815	7784
7816	7785
7817	7786
7818	7787
7819	7788
7820	7789
7821	7790
7822	7791
7823	7792
7824	7793
7825	7794
7826	7795
7827	7796
7828	7797
7829	7798
7830	7799
7831	7800
7832	7801
7833	7802
7834	7803
7835	7804
7836	7805
7837	7806
7838	7807
7839	7808
7840	7809
7841	7810
7842	7811
7843	7812
7844	7813
7845	7814
7846	7815
7847	7816
7848	7817
7849	7818
7850	7819
7851	7820
7852	7821
7853	7822
7854	7823
7855	7824
7856	7825
7857	7826
7858	7827
7859	7828
7860	7829
7861	7830
7862	7831
7863	7832
7864	7833
7865	7834
7866	7835
7867	7836
7868	7837
7869	7838
7870	7839
7871	7840
7872	7841
7873	7842
7874	7843
7875	7844
7876	7845
7877	7846
7878	7847
7879	7848
7880	7849
7881	7850
7882	7851
7883	7852
7884	7853
7885	7854
7886	7855
7887	7856
7888	7857
7889	7858
7890	7859
7891	7860
7892	7861
7893	7862
7894	7863
7895	7864
7896	7865
7897	7866
7898	7867
7899	7868
7900	7869
7901	7870
7902	7871
7903	7872
7904	7873
7905	7874
7906	7875
7907	7876
7908	7877
7909	7878
7910	7879
7911	7880
7912	7881
7913	7882
7914	7883
7915	7884
7916	7885
7917	7886
7918	7887
7919	7888
7920	7889
7921	7890
7922	7891
7923	7892
7924	7893
7925	7894
7926	7895
7927	7896
7928	7897
7929	7898
7930	7899
7931	7900
7932	7901
7933	7902
7934	7903
7935	7904
7936	7905
7937	7906
7938	7907
7939	7908
7940	7909
7941	7910
7942	7911
7943	7912
7944	7913
7945	7914
7946	7915
7947	7916
7948	7917
7949	7918
7950	7919
7951	7920
7952	7921
7953	7922
7954	7923
7955	7924
7956	7925
7957	7926
7958	7927
7959	7928
7960	7929
7961	7930
7962	7931
7963	7932
7964	7933
7965	7934
7966	7935
7967	7936
7968	7937
7969	7938
7970	7939
7971	7940
7972	7941
7973	7942
7974	7943
7975	7944
7976	7945
7977	7946
7978	7947
7979	7948
7980	7949
7981	7950
7982	7951
7983	7952
7984	7953
7985	7954
7986	7955
7987	7956
7988	7957
7989	7958
7990	7959
7991	7960
7992	7961
7993	7962
7994	7963
7995	7964
7996	7965
7997	7966
7998	7967
7999	7968
8000	7969
8001	7970
8002	7971
8003	7972
8004	7973
8005	7974
8006	7975
8007	7976
8008	7977
8009	7978
8010	7979
8011	7980
8012	7981
8013	7982
8014	7983
8015	7984
8016	7985
8017	7986
8018	7987
8019	7988
8020	7989
8021	7990
8022	7991
8023	7992
8024	7993
8025	7994
8026	7995
8027	7996
8028	7997
8029	7998
8030	7999
8031	8000
8032	8001
8033	8002
8034	8003
8035	8004
8036	8005
8037	8006
8038	8007
8039	8008
8040	8009
8041	8010
8042	8011
8043	8012
8044	8013
8045	8014
8046	8015
8047	8016
8048	8017
8049	8018
8050	8019
8051	8020
8052	8021
8053	8022
8054	8023
8055	8024
8056	8025
8057	8026
8058	8027
8059	8028
8060	8029
8061	8030
8062	8031
8063	8032
8064	8033
8065	8034
8066	8035
8067	8036
8068	8037
8069	8038
8070	8039
8071	8040
8072	8041
8073	8042
8074	8043
8075	8044
8076	8045
8077	8046
8078	8047
8079	8048
8080	8049
8081	8050
8082	8051
8083	8052
8084	8053
8085	8054
8086	8055
8087	8056
8088	8057
8089	8058
8090	8059
8091	8060
8092	8061
8093	8062
8094	8063
8095	8064
8096	8065
8097	8066
8098	8067
8099	8068
8100	8069
8101	8070
8102	8071
8103	8072
8104	8073
8105	8074
8106	8075
8107	8076
8108	8077
8109	8078
8110	8079
8111	8080
8112	8081
8113	8082
8114	8083
8115	8084
8116	8085
8117	8086
8118	8087
8119	8088
8120	8089
8121	8090
8122	8091
8123	8092
8124	8093
8125	8094
8126	8095
8127	8096
8128	8097
8129	8098
8130	8099
8131	8100
8132	8101
8133	8102
8134	8103
8135	8104
8136	8105
8137	8106
8138	8107
8139	8108
8140	8109
8141	8110
8142	8111
8143	8112
8144	8113
8145	8114
8146	8115
8147	8116
8148	8117
8149	8118
8150	8119
8151	8120
8152	8121
8153	8122
8154	8123
8155	8124
8156	8125
8157	8126
8158	8127
8159	8128
8160	8129
8161	8130
8162	8131
8163	8132
8164	8133
8165	8134
8166	8135
8167	8136
8168	8137
8169	8138
8170	8139
8171	8140
8172	8141
8173	8142
8174	8143
8175	8144
8176	8145
8177	8146
8178	8147
8179	8148
8180	8149
8181	8150
8182	8151
8183	8152
8184	8153
8185	8154
8186	8155
8187	8156
8188	8157
8189	8158
8190	8159
8191	8160
8192	8161
8193	8162
8194	8163
8195	8164
8196	8165
8197	8166
8198	8167
8199	8168
8200	8169
8201	8170
8202	8171
8203	8172
8204	8173
8205	8174
8206	8175
8207	8176
8208	8177
8209	8178
8210	8179
8211	8180
8212	8181
8213	8182
8214	8183
8215	8184
8216	8185
8217	8186
8218	8187
8219	8188
8220	8189
8221	8190
8222	8191
8223	8192
8224	8193
8225	8194
8226	8195
8227	8196
8228	8197
8229	8198
8230	8199
8231	8200
8232	8201
8233	8202
8234	8203
8235	8204
8236	8205
8237	8206
8238	8207
8239	8208
8240	8209
8241	8210
8242	8211
8243	8212
8244	8213
8245	8214
8246	8215
8247	8216
8248	8217
8249	8218
8250	8219
8251	8220
8252	8221
8253	8222
8254	8223
8255	8224
8256	8225
8257	8226
8258	8227
8259	8228
8260	8229
8261	8230
8262	8231
8263	8232
8264	8233
8265	8234
8266	8235
8267	8236
8268	8237
8269	8238
8270	8239
8271	8240
8272	8241
8273	8242
8274	8243
8275	8244
8276	8245
8277	8246
8278	8247
8279	8248
8280	8249
8281	8250
8282	8251
8283	8252
8284	8253
8285	8254
8286	8255
8287	8256
8288	8257
8289	8258
8290	8259
8291	8260
8292	8261
8293	8262
8294	8263
8295	8264
8296	8265
8297	8266
8298	8267
8299	8268
8300	8269
8301	8270
8302	8271
8303	8272
8304	8273
8305	8274
8306	8275
8307	8276
8308	8277
8309	8278
8310	8279
8311	8280
8312	8281
8313	8282
8314	8283
8315	8284
8316	8285
8317	8286
8318	8287
8319	8288
8320	8289
8321	8290
8322	8291
8323	8292
8324	8293
8325	8294
8326	8295
8327	8296
8328	8297
8329	8298
8330	8299
8331	8300
8332	8301
8333	8302
8334	8303
8335	8304
8336	8305
8337	8306
8338	8307
8339	8308
8340	8309
8341	8310
8342	8311
8343	8312
8344	8313
8345	8314
8346	8315
8347	8316
8348	8317
8349	8318
8350	8319
8351	8320
8352	8321
8353	8322
8354	8323
8355	8324
8356	8325
8357	8326
8358	8327
8359	8328
8360	8329
8361	8330
8362	8331
8363	8332
8364	8333
8365	8334
8366	8335
8367	8336
8368	8337
8369	8338
8370	8339
8371	8340
8372	8341
8373	8342
8374	8343
8375	8344
8376	8345
8377	8346
8378	8347
8379	8348
8380	8349
8381	8350
8382	8351
8383	8352
8384	8353
8385	8354
8386	8355
8387	8356
8388	8357
8389	8358
8390	8359
8391	8360
8392	8361
8393	8362
8394	8363
8395	8364
8396	8365
8397	8366
8398	8367
8399	8368
8400	8369
8401	8370
8402	8371
8403	8372
8404	8373
8405	8374
8406	8375
8407	8376
8408	8377
8409	8378
8410	8379
8411	8380
8412	8381
8413	8382
8414	8383
8415	8384
8416	8385
8417	8386
8418	8387
8419	8388
8420	8389
8421	8390
8422	8391
8423	8392
8424	8393
8425	8394
8426	8395
8427	8396
8428	8397
8429	8398
8430	8399
8431	8400
8432	8401
8433	8402
8434	8403
8435	8404
8436	8405
8437	8406
8438	8407
8439	8408
8440	8409
8441	8410
8442	8411
8443	8412
8444	8413
8445	8414
8446	8415
8447	8416
8448	8417
8449	8418
8450	8419
8451	8420
8452	8421
8453	8422
8454	8423
8455	8424
8456	8425
8457	8426
8458	8427
8459	8428
8460	8429
8461	8430
8462	8431
8463	8432
8464	8433
8465	8434
8466	8435
8467	8436
8468	8437
8469	8438
8470	8439
8471	8440
8472	8441
8473	8442
8474	8443
8475	8444
8476	8445
8477	8446
8478	8447
8479	8448
8480	8449
8481	8450
8482	8451
8483	8452
8484	8453
8485	8454
8486	8455
8487	8456
8488	8457
8489	8458
8490	8459
8491	8460
8492	8461
8493	8462
8494	8463
8495	8464
8496	8465
8497	8466
8498	8467
8499	8468
8500	8469
8501	8470
8502	8471
8503	8472
8504	8473
8505	8474
8506	8475
8507	8476
8508	8477
8509	8478
8510	8479
8511	8480
8512	8481
8513	8482
8514	8483
8515	8484
8516	8485
8517	8486
8518	8487
8519	8488
8520	8489
8521	8490
8522	8491
8523	8492
8524	8493
8525	8494
8526	8495
8527	8496
8528	8497
8529	8498
8530	8499
8531	8500
8532	8501
8533	8502
8534	8503
8535	8504
8536	8505
8537	8506
8538	8507
8539	8508
8540	8509
8541	8510
8542	8511
8543	8512
8544	8513
8545	8514
8546	8515
8547	8516
8548	8517
8549	8518
8550	8519
8551	8520
8552	8521
8553	8522
8554	8523
8555	8524
8556	8525
8557	8526
8558	8527
8559	8528
8560	8529
8561	8530
8562	8531
8563	8532
8564	8533
8565	8534
8566	8535
8567	8536
8568	8537
8569	8538
8570	8539
8571	8540
8572	8541
8573	8542
8574	8543
8575	8544
8576	8545
8577	8546
8578	8547
8579	8548
8580	8549
8581	8550
8582	8551
8583	8552
8584	8553
8585	8554
8586	8555
8587	8556
8588	8557
8589	8558
8590	8559
8591	8560
8592	8561
8593	8562
8594	8563
8595	8564
8596	8565
8597	8566
8598	8567
8599	8568
8600	8569
8601	8570
8602	8571
8603	8572
8604	8573
8605	8574
8606	8575
8607	8576
8608	8577
8609	8578
8610	8579
8611	8580
8612	8581
8613	8582
8614	8583
8615	8584
8616	8585
8617	8586
8618	8587
8619	8588
8620	8589
8621	8590
8622	8591
8623	8592
8624	8593
8625	8594
8626	8595
8627	8596
8628	8597
8629	8598
8630	8599
8631	8600
8632	8601
8633	8602
8634	8603
8635	8604
8636	8605
8637	8606
8638	8607
8639	8608
8640	8609
8641	8610
8642	8611
8643	8612
8644	8613
8645	8614
8646	8615
8647	8616
8648	8617
8649	8618
8650	8619
8651	8620
8652	8621
8653	8622
8654	8623
8655	8624
8656	8625
8657	8626
8658	8627
8659	8628
8660	8629
8661	8630
8662	8631
8663	8632
8664	8633
8665	8634
8666	8635
8667	8636
8668	8637
8669	8638
8670	8639
8671	8640
8672	8641
8673	8642
8674	8643
8675	8644
8676	8645
8677	8646
8678	8647
8679	8648
8680	8649
8681	8650
8682	8651
8683	8652
8684	8653
8685	8654
8686	8655
8687	8656
8688	8657
8689	8658
8690	8659
8691	8660
8692	8661
8693	8662
8694	8663
8695	8664
8696	8665
8697	8666
8698	8667
8699	8668
8700	8669
8701	8670
8702	8671
8703	8672
8704	8673
8705	8674
8706	8675
8707	8676
8708	8677
8709	8678
8710	8679
8711	8680
8712	8681
8713	8682
8714	8683
8715	8684
8716	8685
8717	8686
8718	8687
8719	8688
8720	8689
8721	8690
8722	8691
8723	8692
8724	8693
8725	8694
8726	8695
8727	8696
8728	8697
8729	8698
8730	8699
8731	8700
8732	8701
8733	8702
8734	8703
8735	8704
8736	8705
8737	8706
8738	8707
8739	8708
8740	8709
8741	8710
8742	8711
8743	8712
8744	8713
8745	8714
8746	8715
8747	8716
8748	8717
8749	8718
8750	8719
8751	8720
8752	8721
8753	8722
8754	8723
8755	8724
8756	8725
8757	8726
8758	8727
8759	8728
8760	8729
8761	8730
8762	8731
8763	8732
8764	8733
8765	8734
8766	8735
8767	8736
8768	8737
8769	8738
8770	8739
8771	8740
8772	8741
8773	8742
8774	8743
8775	8744
8776	8745
8777	8746
8778	8747
8779	8748
8780	8749
8781	8750
8782	8751
8783	8752
8784	8753
8785	8754
8786	8755
8787	8756
8788	8757
8789	8758
8790	8759
8791	8760
8792	8761
8793	8762
8794	8763
8795	8764
8796	8765
8797	8766
8798	8767
8799	8768
8800	8769
8801	8770
8802	8771
8803	8772
8804	8773
8805	8774
8806	8775
8807	8776
8808	8777
8809	8778
8810	8779
8811	8780
8812	8781
8813	8782
8814	8783
8815	8784
8816	8785
8817	8786
8818	8787
8819	8788
8820	8789
8821	8790
8822	8791
8823	8792
8824	8793
8825	8794
8826	8795
8827	8796
8828	8797
8829	8798
8830	8799
8831	8800
8832	8801
8833	8802
8834	8803
8835	8804
8836	8805
8837	8806
8838	8807
8839	8808
8840	8809
8841	8810
8842	8811
8843	8812
8844	8813
8845	8814
8846	8815
8847	8816
8848	8817
8849	8818
8850	8819
8851	8820
8852	8821
8853	8822
8854	8823
8855	8824
8856	8825
8857	8826
8858	8827
8859	8828
8860	8829
8861	8830
8862	8831
8863	8832
8864	8833
8865	8834
8866	8835
8867	8836
8868	8837
8869	8838
8870	8839
8871	8840
8872	8841
8873	8842
8874	8843
8875	8844
8876	8845
8877	8846
8878	8847
8879	8848
8880	8849
8881	8850
8882	8851
8883	8852
8884	8853
8885	8854
8886	8855
8887	8856
8888	8857
8889	8858
8890	8859
8891	8860
8892	8861
8893	8862
8894	8863
8895	8864
8896	8865
8897	8866
8898	8867
8899	8868
8900	8869
8901	8870
8902	8871
8903	8872
8904	8873
8905	8874
8906	8875
8907	8876
8908	8877
8909	8878
8910	8879
8911	8880
8912	8881
8913	8882
8914	8883
8915	8884
8916	8885
8917	8886
8918	8887
8919	8888
8920	8889
8921	8890
8922	8891
8923	8892
8924	8893
8925	8894
8926	8895
8927	8896
8928	8897
8929	8898
8930	8899
8931	8900
8932	8901
8933	8902
8934	8903
8935	8904
8936	8905
8937	8906
8938	8907
8939	8908
8940	8909
8941	8910
8942	8911
8943	8912
8944	8913
8945	8914
8946	8915
8947	8916
8948	8917
8949	8918
8950	8919
8951	8920
8952	8921
8953	8922
8954	8923
8955	8924
8956	8925
8957	8926
8958	8927
8959	8928
8960	8929
8961	8930
8962	8931
8963	8932
8964	8933
8965	8934
8966	8935
8967	8936
8968	8937
8969	8938
8970	8939
8971	8940
8972	8941
8973	8942
8974	8943
8975	8944
8976	8945
8977	8946
8978	8947
8979	8948
8980	8949
8981	8950
8982	8951
8983	8952
8984	8953
8985	8954
8986	8955
8987	8956
8988	8957
8989	8958
8990	8959
8991	8960
8992	8961
8993	8962
8994	8963
8995	8964
8996	8965
8997	8966
8998	8967
8999	8968
9000	8969
9001	8970
9002	8971
9003	8972
9004	8973
9005	8974
9006	8975
9007	8976
9008	8977
9009	8978
9010	8979
9011	8980
9012	8981
9013	8982
9014	8983
9015	8984
9016	8985
9017	8986
9018	8987
9019	8988
9020	8989
9021	8990
9022	8991
9023	8992
9024	8993
9025	8994
9026	8995
9027	8996
9028	8997
9029	8998
9030	8999
9031	9000
9032	9001
9033	9002
9034	9003
9035	9004
9036	9005
9037	9006
9038	9007
9039	9008
9040	9009
9041	9010
9042	9011
9043	9012
9044	9013
9045	9014
9046	9015
9047	9016
9048	9017
9049	9018
9050	9019
9051	9020
9052	9021
9053	9022
9054	9023
9055	9024
9056	9025
9057	9026
9058	9027
9059	9028
9060	9029
9061	9030
9062	9031
9063	9032
9064	9033
9065	9034
9066	9035
9067	9036
9068	9037
9069	9038
9070	9039
9071	9040
9072	9041
9073	9042
9074	9043
9075	9044
9076	9045
9077	9046
9078	9047
9079	9048
9080	9049
9081	9050
9082	9051
9083	9052
9084	9053
9085	9054
9086	9055
9087	9056
9088	9057
9089	9058
9090	9059
9091	9060
9092	9061
9093	9062
9094	9063
9095	9064
9096	9065
9097	9066
9098	9067
9099	9068
9100	9069
9101	9070
9102	9071
9103	9072
9104	9073
9105	9074
9106	9075
9107	9076
9108	9077
9109	9078
9110	9079
9111	9080
9112	9081
9113	9082
9114	9083
9115	9084
9116	9085
9117	9086
9118	9087
9119	9088
9120	9089
9121	9090
9122	9091
9123	9092
9124	9093
9125	9094
9126	9095
9127	9096
9128	9097
9129	9098
9130	9099
9131	9100
9132	9101
9133	9102
9134	9103
9135	9104
9136	9105
9137	9106
9138	9107
9139	9108
9140	9109
9141	9110
9142	9111
9143	9112
9144	9113
9145	9114
9146	9115
9147	9116
9148	9117
9149	9118
9150	9119
9151	9120
9152	9121
9153	9122
9154	9123
9155	9124
9156	9125
9157	9126
9158	9127
9159	9128
9160	9129
9161	9130
9162	9131
9163	9132
9164	9133
9165	9134
9166	9135
9167	9136
9168	9137
9169	9138
9170	9139
9171	9140
9172	9141
9173	9142
9174	9143
9175	9144
9176	9145
9177	9146
9178	9147
9179	9148
9180	9149
9181	9150
9182	9151
9183	9152
9184	9153
9185	9154
9186	9155
9187	9156
9188	9157
9189	9158
9190	9159
9191	9160
9192	9161
9193	9162
9194	9163
9195	9164
9196	9165
9197	9166
9198	9167
9199	9168
9200	9169
9201	9170
9202	9171
9203	9172
9204	9173
9205	9174
9206	9175
9207	9176
9208	9177
9209	9178
9210	9179
9211	9180
9212	9181
9213	9182
9214	9183
9215	9184
9216	9185
9217	9186
9218	9187
9219	9188
9220	9189
9221	9190
9222	9191
9223	9192
9224	9193
9225	9194
9226	9195
9227	9196
9228	9197
9229	9198
9230	9199
9231	9200
9232	9201
9233	9202
9234	9203
9235	9204
9236	9205
9237	9206
9238	9207
9239	9208
9240	9209
9241	9210
9242	9211
9243	9212
9244	9213
9245	9214
9246	9215
9247	9216
9248	9217
9249	9218
9250	9219
9251	9220
9252	9221
9253	9222
9254	9223
9255	9224
9256	9225
9257	9226
9258	9227
9259	9228
9260	9229
9261	9230
9262	9231
9263	9232
9264	9233
9265	9234
9266	9235
9267	9236
9268	9237
9269	9238
9270	9239
9271	9240
9272	9241
9273	9242
9274	9243
9275	9244
9276	9245
9277	9246
9278	9247
9279	9248
9280	9249
9281	9250
9282	9251
9283	9252
9284	9253
9285	9254
9286	9255
9287	9256
9288	9257
9289	9258
